 ------DADOS DO INPUT------
Número atômico:  3
 Carga:            0
Número de bases:    8
 BASE: 
  44.0000
  13.0000
  95.0000
  59.0000
  18.0000
  50.0000
  37.0000
  66.0000
 --------------------------

 ------OVERLAP MATRIX------
 1.0000 0.7687 0.8972 0.9841 0.8650 0.9969 0.9944 0.9698
 0.7687 1.0000 0.5250 0.6747 0.9804 0.7281 0.8217 0.6386
 0.8972 0.5250 1.0000 0.9587 0.6261 0.9269 0.8514 0.9756
 0.9841 0.6747 0.9587 1.0000 0.7788 0.9949 0.9603 0.9976
 0.8650 0.9804 0.6261 0.7788 1.0000 0.8288 0.9091 0.7434
 0.9969 0.7281 0.9269 0.9949 0.8288 1.0000 0.9832 0.9857
 0.9944 0.8217 0.8514 0.9603 0.9091 0.9832 1.0000 0.9399
 0.9698 0.6386 0.9756 0.9976 0.7434 0.9857 0.9399 1.0000
 --------------------------

 ------KINETIC MATRIX------
  66.0000  23.1431  80.9446  74.4057  33.1479  69.9981  59.9582  76.8119
  23.1431  19.5000  18.0104  21.5639  22.2019  22.5379  23.7135  20.8066
  80.9446  18.0104 142.5000 104.6819  28.4258  91.0878  68.0144 113.9777
  74.4057  21.5639 104.6819  88.5000  32.2224  80.7772  65.5137  93.2361
  33.1479  22.2019  28.4258  32.2224  27.0000  32.9093  33.0247  31.5426
  69.9981  22.5379  91.0878  80.7772  32.9093  75.0000  62.7218  84.1241
  59.9582  23.7135  68.0144  65.5137  33.0247  62.7218  55.5000  66.8541
  76.8119  20.8066 113.9777  93.2361  31.5426  84.1241  66.8541  99.0000
 --------------------------

 ------Potencial MATRIX------
 -31.7554 -19.6469 -35.8087 -33.8075 -23.0554 -32.7198 -30.2954 -34.4331
 -19.6469 -17.2609 -18.4692 -19.3814 -18.4787 -19.5644 -19.6680 -19.2136
 -35.8087 -18.4692 -46.6609 -40.2747 -22.5315 -37.7810 -33.1125 -41.9031
 -33.8075 -19.3814 -40.2747 -36.7720 -23.1326 -35.1610 -31.8523 -37.7579
 -23.0554 -18.4787 -22.5315 -23.1326 -20.3108 -23.1363 -22.8226 -23.0650
 -32.7198 -19.5644 -37.7810 -35.1610 -23.1363 -33.8514 -31.0442 -35.9376
 -30.2954 -19.6680 -33.1125 -31.8523 -22.8226 -31.0442 -29.1201 -32.2919
 -34.4331 -19.2136 -41.9031 -37.7579 -23.0650 -35.9376 -32.2919 -38.8923
 --------------------------

