 ------DADOS DO INPUT------
Número atômico:  1
 Carga:            0
Número de bases:    3
 BASE: 
   3.4253
   0.6239
   0.1689
 --------------------------

 ------OVERLAP MATRIX------
    1.0000    0.6136    0.2753
    0.6136    1.0000    0.7410
    0.2753    0.7410    1.0000
 --------------------------

 ------TRANSFERENCE MATRIX------
    0.9264   -0.9125    0.3465
   -1.8714    0.0739    0.4514
    1.3499    0.7287    0.3881
 --------------------------

 ------KINETIC MATRIX------
    5.1379    0.9715    0.1329
    0.9715    0.9359    0.2954
    0.1329    0.2954    0.2533
 --------------------------

 ------POTENTIAL MATRIX------
   -2.9534   -1.3931   -0.5889
   -1.3931   -1.2605   -0.7444
   -0.5889   -0.7444   -0.6557
 --------------------------

 ------H_CORE MATRIX------
    2.1845   -0.4217   -0.4560
   -0.4217   -0.3246   -0.4490
   -0.4560   -0.4490   -0.4025
 --------------------------

 ------DENSITY MATRIX------
    0.0000    0.0000    0.0000
    0.0000    0.0000    0.0000
    0.0000    0.0000    0.0000
 --------------------------

 ------G MATRIX------
    0.0000    0.0000    0.0000
    0.0000    0.0000    0.0000
    0.0000    0.0000    0.0000
 --------------------------

 ------F MATRIX------
    2.1845   -0.4217   -0.4560
   -0.4217   -0.3246   -0.4490
   -0.4560   -0.4490   -0.4025
 --------------------------

 ------XF MATRIX------
    2.5948   -2.1251    0.5368
   -2.1251    2.2183   -0.7666
    0.5368   -0.7666   -0.2764
 --------------------------

 auto valores
 -0.49574080431797402       0.32474442330857156        4.7077568594805435     
 ------XCOEFF MATRIX------
    0.0423    0.6928    0.7199
    0.3021    0.6779   -0.6702
    0.9523   -0.2459    0.1806
 --------------------------

 ------COEFF MATRIX------
    0.0935   -0.0620    1.3410
    0.3730   -1.3573   -1.3152
    0.6469    1.3338    0.5536
 --------------------------

 ------NEW DENSITY MATRIX------
    0.0087    0.0349    0.0605
    0.0349    0.1391    0.2413
    0.0605    0.2413    0.4185
 --------------------------

 Energia Total: -0.49574080431797396     
 ------G MATRIX------
    0.0000   -0.0000    0.0000
   -0.0000    0.0000    0.0000
    0.0000    0.0000   -0.0000
 --------------------------

 ------F MATRIX------
    2.1845   -0.4217   -0.4560
   -0.4217   -0.3246   -0.4490
   -0.4560   -0.4490   -0.4025
 --------------------------

 ------XF MATRIX------
    2.5948   -2.1251    0.5368
   -2.1251    2.2183   -0.7666
    0.5368   -0.7666   -0.2764
 --------------------------

 auto valores
 -0.49574080431797413       0.32474442330857134        4.7077568594805435     
 ------XCOEFF MATRIX------
    0.0423    0.6928    0.7199
    0.3021    0.6779   -0.6702
    0.9523   -0.2459    0.1806
 --------------------------

 ------COEFF MATRIX------
    0.0935   -0.0620    1.3410
    0.3730   -1.3573   -1.3152
    0.6469    1.3338    0.5536
 --------------------------

 ------NEW DENSITY MATRIX------
    0.0087    0.0349    0.0605
    0.0349    0.1391    0.2413
    0.0605    0.2413    0.4185
 --------------------------

 Energia Total: -0.49574081909220125     
