 ------DADOS DO INPUT------
Número atômico:  3
 Carga:            0
Número de bases:    8
 BASE: 
  44.0000
  13.0000
  95.0000
  59.0000
  18.0000
  50.0000
  37.0000
  66.0000
 --------------------------

 ------OVERLAP MATRIX------
 1.0000 0.7687 0.8972 0.9841 0.8650 0.9969 0.9944 0.9698
 0.7687 1.0000 0.5250 0.6747 0.9804 0.7281 0.8217 0.6386
 0.8972 0.5250 1.0000 0.9587 0.6261 0.9269 0.8514 0.9756
 0.9841 0.6747 0.9587 1.0000 0.7788 0.9949 0.9603 0.9976
 0.8650 0.9804 0.6261 0.7788 1.0000 0.8288 0.9091 0.7434
 0.9969 0.7281 0.9269 0.9949 0.8288 1.0000 0.9832 0.9857
 0.9944 0.8217 0.8514 0.9603 0.9091 0.9832 1.0000 0.9399
 0.9698 0.6386 0.9756 0.9976 0.7434 0.9857 0.9399 1.0000
 --------------------------

 ------KINETIC MATRIX------
 174.5000  39.4485 339.1087 230.5450  61.5245 197.7977 145.8075 254.2940
 133.5181  50.5000 198.1147 157.5822  68.8828 143.8958 119.7834 166.9864
 157.0609  27.1104 378.5000 225.1580  44.7832 184.4128 125.2896 256.3498
 171.9319  34.7215 362.5425 234.5000  55.5244 197.6074 141.0210 261.7986
 150.3933  49.7487 236.3556 181.9967  70.5000 163.9370 132.7105 194.5124
 174.0620  37.4129 350.3843 233.1767  59.0173 198.5000 144.2602 258.5415
 173.3928  42.0861 321.6896 224.8714  64.5619 194.9462 146.5000 246.3363
 169.5293  32.8913 368.9883 234.0320  53.0488 195.8648 138.0976 262.5000
 --------------------------

