 ------DADOS DO INPUT------
Número atômico:  2
 Carga:            0
Número de bases:    3
 BASE: 
   0.1543
   0.5353
   0.4446
 --------------------------

 ------OVERLAP MATRIX------
    1.0000    0.7610    0.8180
    0.7610    1.0000    0.9936
    0.8180    0.9936    1.0000
 --------------------------

 ------TRANSFERENCE MATRIX------
   -0.3304    2.3719    1.5746
   -0.3561   14.5264   -0.8899
   -0.3631  -16.4070   -0.5602
 --------------------------

 ------KINETIC MATRIX------
    0.2315    0.2734    0.2811
    0.2734    0.8030    0.7239
    0.2811    0.7239    0.6669
 --------------------------

 ------POTENTIAL MATRIX------
   -1.2537   -1.4261   -1.4287
   -1.4261   -2.3351   -2.2196
   -1.4287   -2.2196   -2.1281
 --------------------------

 ------H_CORE MATRIX------
   -1.0222   -1.1527   -1.1476
   -1.1527   -1.5321   -1.4957
   -1.1476   -1.4957   -1.4612
 --------------------------

 ------DENSITY MATRIX------
    0.0000    0.0000    0.0000
    0.0000    0.0000    0.0000
    0.0000    0.0000    0.0000
 --------------------------

 ------G MATRIX------
    0.0000    0.0000    0.0000
    0.0000    0.0000    0.0000
    0.0000    0.0000    0.0000
 --------------------------

 ------F MATRIX------
   -1.0222   -1.1527   -1.1476
   -1.1527   -1.5321   -1.4957
   -1.1476   -1.4957   -1.4612
 --------------------------

 ------XF MATRIX------
   -1.4317    0.4457   -0.2814
    0.4457    0.4329    0.1304
   -0.2814    0.1304   -0.4427
 --------------------------

 ------ENERGY MATRIX------
    0.5385   -0.0000    0.0000
   -0.0000   -0.3684   -0.0000
    0.0000   -0.0000   -1.6116
 --------------------------

 ------XCOEFF MATRIX------
    0.2107    0.2605   -0.9422
    0.9751    0.0122    0.2214
    0.0692   -0.9654   -0.2515
 --------------------------

 ------COEFF MATRIX------
    2.3522   -1.5773    0.4405
   14.0281    0.9433    3.7761
  -16.1137    0.2463   -3.1503
 --------------------------

 ------NEW DENSITY MATRIX------
   11.0655   65.9931  -75.8047
   65.9931  393.5726 -452.0877
  -75.8047 -452.0877  519.3025
 --------------------------

 ------G MATRIX------
    0.0352    0.0650    0.0600
    0.0650    0.1602    0.1405
    0.0600    0.1405    0.1244
 --------------------------

 ------F MATRIX------
   -0.9870   -1.0877   -1.0876
   -1.0877   -1.3720   -1.3551
   -1.0876   -1.3551   -1.3368
 --------------------------

 ------XF MATRIX------
   -1.3252    0.3173   -0.1907
    0.3173    0.7264   -0.0375
   -0.1907   -0.0375   -0.3372
 --------------------------

 ------ENERGY MATRIX------
    0.7782    0.0000    0.0000
    0.0000   -1.4045    0.0000
   -0.0000    0.0000   -0.3097
 --------------------------

 ------XCOEFF MATRIX------
   -0.1542    0.9753   -0.1585
   -0.9863   -0.1422    0.0841
    0.0595    0.1693    0.9838
 --------------------------

 ------COEFF MATRIX------
   -2.1947   -0.3931    1.8009
  -14.3247   -2.5641    0.4027
   16.2041    1.8848   -1.8734
 --------------------------

 ------NEW DENSITY MATRIX------
    9.6338   62.8783  -71.1280
   62.8783  410.3963 -464.2402
  -71.1280 -464.2402  525.1483
 --------------------------

 ------G MATRIX------
    0.0484    0.1007    0.0909
    0.1007    0.2556    0.2237
    0.0909    0.2237    0.1967
 --------------------------

 ------F MATRIX------
   -0.9738   -1.0520   -1.0566
   -1.0520   -1.2765   -1.2720
   -1.0566   -1.2720   -1.2645
 --------------------------

 ------XF MATRIX------
   -1.2648    0.2305   -0.1307
    0.2305    0.8292   -0.1191
   -0.1307   -0.1191   -0.2782
 --------------------------

 ------ENERGY MATRIX------
    0.8697    0.0000    0.0000
    0.0000   -1.3033   -0.0000
   -0.0000   -0.0000   -0.2801
 --------------------------

 ------XCOEFF MATRIX------
   -0.1136    0.9884   -0.1012
   -0.9868   -0.1004    0.1270
    0.1153    0.1143    0.9867
 --------------------------

 ------COEFF MATRIX------
   -2.1215   -0.3848    1.8883
  -14.3969   -1.9128    1.0022
   16.1673    1.2252   -2.5989
 --------------------------

 ------NEW DENSITY MATRIX------
    9.0019   61.0875  -68.5992
   61.0875  414.5433 -465.5182
  -68.5992 -465.5182  522.7612
 --------------------------

 ------G MATRIX------
    0.0572    0.1242    0.1114
    0.1242    0.3156    0.2764
    0.1114    0.2764    0.2429
 --------------------------

 ------F MATRIX------
   -0.9651   -1.0285   -1.0362
   -1.0285   -1.2165   -1.2193
   -1.0362   -1.2193   -1.2183
 --------------------------

 ------XF MATRIX------
   -1.2260    0.1789   -0.0934
    0.1789    0.8845   -0.1642
   -0.0934   -0.1642   -0.2439
 --------------------------

 ------ENERGY MATRIX------
    0.9248    0.0000   -0.0000
    0.0000   -1.2475   -0.0000
   -0.0000   -0.0000   -0.2627
 --------------------------

 ------XCOEFF MATRIX------
   -0.0883    0.9938   -0.0675
   -0.9854   -0.0773    0.1517
    0.1455    0.0799    0.9861
 --------------------------

 ------COEFF MATRIX------
   -2.0790   -0.3858    1.9348
  -14.4125   -1.5473    1.3496
   16.1182    0.8620   -3.0163
 --------------------------

 ------NEW DENSITY MATRIX------
    8.6447   59.9278  -67.0202
   59.9278  415.4385 -464.6049
  -67.0202 -464.6049  519.5901
 --------------------------

 ------G MATRIX------
    0.0629    0.1392    0.1245
    0.1392    0.3531    0.3094
    0.1245    0.3094    0.2720
 --------------------------

 ------F MATRIX------
   -0.9594   -1.0134   -1.0230
   -1.0134   -1.1790   -1.1862
   -1.0230   -1.1862   -1.1892
 --------------------------

 ------XF MATRIX------
   -1.2016    0.1478   -0.0704
    0.1478    0.9165   -0.1907
   -0.0704   -0.1907   -0.2233
 --------------------------

 ------ENERGY MATRIX------
    0.9590    0.0000    0.0000
    0.0000   -1.2152   -0.0000
   -0.0000   -0.0000   -0.2522
 --------------------------

 ------XCOEFF MATRIX------
   -0.0726    0.9962   -0.0471
   -0.9839   -0.0638    0.1667
    0.1630    0.0585    0.9849
 --------------------------

 ------COEFF MATRIX------
   -2.0531   -0.3885    1.9618
  -14.4124   -1.3342    1.5617
   16.0786    0.6531   -3.2694
 --------------------------

 ------NEW DENSITY MATRIX------
    8.4305   59.1804  -66.0222
   59.1804  415.4317 -463.4602
  -66.0222 -463.4602  517.0412
 --------------------------

 ------G MATRIX------
    0.0665    0.1487    0.1328
    0.1487    0.3764    0.3300
    0.1328    0.3300    0.2902
 --------------------------

 ------F MATRIX------
   -0.9557   -1.0040   -1.0147
   -1.0040   -1.1557   -1.1656
   -1.0147   -1.1656   -1.1710
 --------------------------

 ------XF MATRIX------
   -1.1863    0.1288   -0.0562
    0.1288    0.9356   -0.2067
   -0.0562   -0.2067   -0.2107
 --------------------------

 ------ENERGY MATRIX------
    0.9804    0.0000    0.0000
    0.0000   -1.1961   -0.0000
   -0.0000   -0.0000   -0.2457
 --------------------------

 ------XCOEFF MATRIX------
   -0.0629    0.9974   -0.0347
   -0.9828   -0.0559    0.1759
    0.1735    0.0452    0.9838
 --------------------------

 ------COEFF MATRIX------
   -2.0372   -0.3910    1.9779
  -14.4088   -1.2071    1.6924
   16.0507    0.5294   -3.4249
 --------------------------

 ------NEW DENSITY MATRIX------
    8.3000   58.7058  -65.3956
   58.7058  415.2269 -462.5436
  -65.3956 -462.5436  515.2521
 --------------------------

 ------G MATRIX------
    0.0688    0.1546    0.1380
    0.1546    0.3909    0.3429
    0.1380    0.3429    0.3015
 --------------------------

 ------F MATRIX------
   -0.9534   -0.9980   -1.0095
   -0.9980   -1.1412   -1.1528
   -1.0095   -1.1528   -1.1597
 --------------------------

 ------XF MATRIX------
   -1.1768    0.1171   -0.0474
    0.1171    0.9472   -0.2164
   -0.0474   -0.2164   -0.2030
 --------------------------

 ------ENERGY MATRIX------
    0.9936    0.0000    0.0000
    0.0000   -1.1845   -0.0000
   -0.0000   -0.0000   -0.2416
 --------------------------

 ------XCOEFF MATRIX------
   -0.0569    0.9980   -0.0271
   -0.9820   -0.0511    0.1816
    0.1799    0.0369    0.9830
 --------------------------

 ------COEFF MATRIX------
   -2.0273   -0.3927    1.9876
  -14.4053   -1.1302    1.7732
   16.0323    0.4550   -3.5207
 --------------------------

 ------NEW DENSITY MATRIX------
    8.2199   58.4077  -65.0043
   58.4077  415.0263 -461.8997
  -65.0043 -461.8997  514.0670
 --------------------------

 ------G MATRIX------
    0.0702    0.1583    0.1412
    0.1583    0.3999    0.3508
    0.1412    0.3508    0.3085
 --------------------------

 ------F MATRIX------
   -0.9520   -0.9943   -1.0063
   -0.9943   -1.1322   -1.1448
   -1.0063   -1.1448   -1.1526
 --------------------------

 ------XF MATRIX------
   -1.1708    0.1099   -0.0419
    0.1099    0.9543   -0.2224
   -0.0419   -0.2224   -0.1982
 --------------------------

 ------ENERGY MATRIX------
    1.0019    0.0000   -0.0000
    0.0000   -1.1775   -0.0000
   -0.0000   -0.0000   -0.2392
 --------------------------

 ------XCOEFF MATRIX------
   -0.0532    0.9983   -0.0224
   -0.9815   -0.0481    0.1851
    0.1838    0.0318    0.9825
 --------------------------

 ------COEFF MATRIX------
   -2.0212   -0.3939    1.9936
  -14.4027   -1.0833    1.8232
   16.0204    0.4097   -3.5799
 --------------------------

 ------NEW DENSITY MATRIX------
    8.1706   58.2216  -64.7610
   58.2216  414.8746 -461.4728
  -64.7610 -461.4728  513.3049
 --------------------------

 ------G MATRIX------
    0.0711    0.1606    0.1433
    0.1606    0.4054    0.3558
    0.1433    0.3558    0.3129
 --------------------------

 ------F MATRIX------
   -0.9511   -0.9920   -1.0043
   -0.9920   -1.1267   -1.1399
   -1.0043   -1.1399   -1.1483
 --------------------------

 ------XF MATRIX------
   -1.1672    0.1055   -0.0386
    0.1055    0.9586   -0.2261
   -0.0386   -0.2261   -0.1953
 --------------------------

 ------ENERGY MATRIX------
    1.0070    0.0000   -0.0000
    0.0000   -1.1732   -0.0000
   -0.0000   -0.0000   -0.2376
 --------------------------

 ------XCOEFF MATRIX------
   -0.0509    0.9985   -0.0195
   -0.9812   -0.0464    0.1873
    0.1861    0.0287    0.9821
 --------------------------

 ------COEFF MATRIX------
   -2.0174   -0.3947    1.9972
  -14.4009   -1.0545    1.8541
   16.0129    0.3820   -3.6165
 --------------------------

 ------NEW DENSITY MATRIX------
    8.1402   58.1059  -64.6100
   58.1059  414.7704 -461.1981
  -64.6100 -461.1981  512.8228
 --------------------------

 ------G MATRIX------
    0.0717    0.1621    0.1445
    0.1621    0.4089    0.3588
    0.1445    0.3588    0.3156
 --------------------------

 ------F MATRIX------
   -0.9505   -0.9906   -1.0030
   -0.9906   -1.1232   -1.1368
   -1.0030   -1.1368   -1.1456
 --------------------------

 ------XF MATRIX------
   -1.1649    0.1027   -0.0365
    0.1027    0.9613   -0.2283
   -0.0365   -0.2283   -0.1935
 --------------------------

 ------ENERGY MATRIX------
    1.0101    0.0000    0.0000
    0.0000   -1.1705   -0.0000
    0.0000   -0.0000   -0.2367
 --------------------------

 ------XCOEFF MATRIX------
   -0.0495    0.9986   -0.0177
   -0.9810   -0.0453    0.1887
    0.1876    0.0267    0.9819
 --------------------------

 ------COEFF MATRIX------
   -2.0151   -0.3952    1.9995
  -14.3997   -1.0368    1.8732
   16.0081    0.3650   -3.6390
 --------------------------

 ------NEW DENSITY MATRIX------
    8.1214   58.0342  -64.5166
   58.0342  414.7021 -461.0242
  -64.5166 -461.0242  512.5206
 --------------------------

 ------G MATRIX------
    0.0720    0.1629    0.1453
    0.1629    0.4110    0.3607
    0.1453    0.3607    0.3173
 --------------------------

 ------F MATRIX------
   -0.9502   -0.9897   -1.0023
   -0.9897   -1.1211   -1.1350
   -1.0023   -1.1350   -1.1439
 --------------------------

 ------XF MATRIX------
   -1.1635    0.1010   -0.0352
    0.1010    0.9629   -0.2297
   -0.0352   -0.2297   -0.1924
 --------------------------

 ------ENERGY MATRIX------
    1.0121    0.0000    0.0000
    0.0000   -1.1689    0.0000
   -0.0000    0.0000   -0.2361
 --------------------------

 ------XCOEFF MATRIX------
   -0.0486    0.9987   -0.0166
   -0.9809   -0.0446    0.1895
    0.1885    0.0255    0.9817
 --------------------------

 ------COEFF MATRIX------
   -2.0137   -0.3955    2.0008
  -14.3989   -1.0259    1.8850
   16.0052    0.3546   -3.6530
 --------------------------

 ------NEW DENSITY MATRIX------
    8.1098   57.9897  -64.4588
   57.9897  414.6583 -460.9152
  -64.4588 -460.9152  512.3323
 --------------------------

 ------G MATRIX------
    0.0722    0.1635    0.1458
    0.1635    0.4123    0.3619
    0.1458    0.3619    0.3183
 --------------------------

 ------F MATRIX------
   -0.9500   -0.9892   -1.0018
   -0.9892   -1.1198   -1.1338
   -1.0018   -1.1338   -1.1429
 --------------------------

 ------XF MATRIX------
   -1.1626    0.1000   -0.0344
    0.1000    0.9640   -0.2306
   -0.0344   -0.2306   -0.1917
 --------------------------

 ------ENERGY MATRIX------
    1.0133    0.0000   -0.0000
    0.0000   -1.1679   -0.0000
   -0.0000   -0.0000   -0.2357
 --------------------------

 ------XCOEFF MATRIX------
   -0.0481    0.9987   -0.0159
   -0.9808   -0.0442    0.1900
    0.1891    0.0248    0.9817
 --------------------------

 ------COEFF MATRIX------
   -2.0128   -0.3957    2.0017
  -14.3985   -1.0192    1.8923
   16.0034    0.3481   -3.6616
 --------------------------

 ------NEW DENSITY MATRIX------
    8.1027   57.9623  -64.4230
   57.9623  414.6307 -460.8473
  -64.4230 -460.8473  512.2154
 --------------------------

 ------G MATRIX------
    0.0724    0.1638    0.1461
    0.1638    0.4131    0.3626
    0.1461    0.3626    0.3189
 --------------------------

 ------F MATRIX------
   -0.9498   -0.9889   -1.0015
   -0.9889   -1.1190   -1.1331
   -1.0015   -1.1331   -1.1422
 --------------------------

 ------XF MATRIX------
   -1.1621    0.0993   -0.0339
    0.0993    0.9646   -0.2311
   -0.0339   -0.2311   -0.1912
 --------------------------

 ------ENERGY MATRIX------
    1.0141    0.0000   -0.0000
    0.0000   -1.1673   -0.0000
   -0.0000   -0.0000   -0.2355
 --------------------------

 ------XCOEFF MATRIX------
   -0.0477    0.9987   -0.0155
   -0.9807   -0.0439    0.1903
    0.1894    0.0243    0.9816
 --------------------------

 ------COEFF MATRIX------
   -2.0122   -0.3959    2.0022
  -14.3982   -1.0151    1.8968
   16.0022    0.3442   -3.6669
 --------------------------

 ------NEW DENSITY MATRIX------
    8.0983   57.9453  -64.4009
   57.9453  414.6135 -460.8051
  -64.4009 -460.8051  512.1429
 --------------------------

 ------G MATRIX------
    0.0725    0.1640    0.1462
    0.1640    0.4136    0.3630
    0.1462    0.3630    0.3193
 --------------------------

 ------F MATRIX------
   -0.9498   -0.9887   -1.0013
   -0.9887   -1.1185   -1.1326
   -1.0013   -1.1326   -1.1418
 --------------------------

 ------XF MATRIX------
   -1.1617    0.0989   -0.0336
    0.0989    0.9650   -0.2314
   -0.0336   -0.2314   -0.1910
 --------------------------

 ------ENERGY MATRIX------
    1.0145    0.0000    0.0000
    0.0000   -1.1669   -0.0000
   -0.0000   -0.0000   -0.2354
 --------------------------

 ------XCOEFF MATRIX------
   -0.0475    0.9988   -0.0153
   -0.9807   -0.0437    0.1905
    0.1896    0.0240    0.9816
 --------------------------

 ------COEFF MATRIX------
   -2.0119   -0.3959    2.0026
  -14.3980   -1.0125    1.8995
   16.0015    0.3417   -3.6702
 --------------------------

 ------NEW DENSITY MATRIX------
    8.0956   57.9348  -64.3872
   57.9348  414.6027 -460.7790
  -64.3872 -460.7790  512.0981
 --------------------------

 ------G MATRIX------
    0.0725    0.1642    0.1464
    0.1642    0.4139    0.3633
    0.1464    0.3633    0.3196
 --------------------------

 ------F MATRIX------
   -0.9497   -0.9885   -1.0012
   -0.9885   -1.1182   -1.1323
   -1.0012   -1.1323   -1.1416
 --------------------------

 ------XF MATRIX------
   -1.1615    0.0987   -0.0334
    0.0987    0.9652   -0.2317
   -0.0334   -0.2317   -0.1908
 --------------------------

 ------ENERGY MATRIX------
    1.0148    0.0000   -0.0000
    0.0000   -1.1666    0.0000
   -0.0000    0.0000   -0.2353
 --------------------------

 ------XCOEFF MATRIX------
   -0.0474    0.9988   -0.0151
   -0.9807   -0.0436    0.1906
    0.1897    0.0238    0.9815
 --------------------------

 ------COEFF MATRIX------
   -2.0117   -0.3960    2.0028
  -14.3978   -1.0110    1.9013
   16.0011    0.3402   -3.6722
 --------------------------

 ------NEW DENSITY MATRIX------
    8.0939   57.9283  -64.3788
   57.9283  414.5960 -460.7628
  -64.3788 -460.7628  512.0703
 --------------------------

 ------G MATRIX------
    0.0725    0.1642    0.1464
    0.1642    0.4141    0.3635
    0.1464    0.3635    0.3197
 --------------------------

 ------F MATRIX------
   -0.9497   -0.9884   -1.0011
   -0.9884   -1.1180   -1.1322
   -1.0011   -1.1322   -1.1414
 --------------------------

 ------XF MATRIX------
   -1.1614    0.0985   -0.0333
    0.0985    0.9654   -0.2318
   -0.0333   -0.2318   -0.1907
 --------------------------

 ------ENERGY MATRIX------
    1.0150    0.0000    0.0000
    0.0000   -1.1665    0.0000
   -0.0000    0.0000   -0.2352
 --------------------------

 ------XCOEFF MATRIX------
   -0.0473    0.9988   -0.0150
   -0.9807   -0.0436    0.1907
    0.1898    0.0237    0.9815
 --------------------------

 ------COEFF MATRIX------
   -2.0116   -0.3960    2.0029
  -14.3978   -1.0100    1.9023
   16.0008    0.3393   -3.6735
 --------------------------

 ------NEW DENSITY MATRIX------
    8.0928   57.9243  -64.3736
   57.9243  414.5919 -460.7528
  -64.3736 -460.7528  512.0532
 --------------------------

 ------G MATRIX------
    0.0726    0.1643    0.1465
    0.1643    0.4143    0.3636
    0.1465    0.3636    0.3198
 --------------------------

 ------F MATRIX------
   -0.9497   -0.9884   -1.0011
   -0.9884   -1.1179   -1.1321
   -1.0011   -1.1321   -1.1413
 --------------------------

 ------XF MATRIX------
   -1.1613    0.0985   -0.0332
    0.0985    0.9655   -0.2319
   -0.0332   -0.2319   -0.1907
 --------------------------

 ------ENERGY MATRIX------
    1.0151    0.0000    0.0000
    0.0000   -1.1664    0.0000
    0.0000    0.0000   -0.2352
 --------------------------

 ------XCOEFF MATRIX------
   -0.0473    0.9988   -0.0149
   -0.9807   -0.0436    0.1908
    0.1899    0.0237    0.9815
 --------------------------

 ------COEFF MATRIX------
   -2.0115   -0.3960    2.0030
  -14.3977   -1.0094    1.9030
   16.0007    0.3387   -3.6743
 --------------------------

 ------NEW DENSITY MATRIX------
    8.0922   57.9218  -64.3704
   57.9218  414.5894 -460.7466
  -64.3704 -460.7466  512.0426
 --------------------------

 ------G MATRIX------
    0.0726    0.1643    0.1465
    0.1643    0.4143    0.3636
    0.1465    0.3636    0.3199
 --------------------------

 ------F MATRIX------
   -0.9496   -0.9884   -1.0011
   -0.9884   -1.1178   -1.1320
   -1.0011   -1.1320   -1.1413
 --------------------------

 ------XF MATRIX------
   -1.1613    0.0984   -0.0332
    0.0984    0.9655   -0.2319
   -0.0332   -0.2319   -0.1906
 --------------------------

 ------ENERGY MATRIX------
    1.0152    0.0000   -0.0000
    0.0000   -1.1664    0.0000
   -0.0000    0.0000   -0.2352
 --------------------------

 ------XCOEFF MATRIX------
   -0.0472    0.9988   -0.0149
   -0.9807   -0.0435    0.1908
    0.1899    0.0236    0.9815
 --------------------------

 ------COEFF MATRIX------
   -2.0114   -0.3960    2.0030
  -14.3977   -1.0090    1.9034
   16.0006    0.3383   -3.6747
 --------------------------

 ------NEW DENSITY MATRIX------
    8.0918   57.9203  -64.3684
   57.9203  414.5878 -460.7428
  -64.3684 -460.7428  512.0361
 --------------------------

 ------G MATRIX------
    0.0726    0.1643    0.1465
    0.1643    0.4144    0.3637
    0.1465    0.3637    0.3199
 --------------------------

 ------F MATRIX------
   -0.9496   -0.9883   -1.0010
   -0.9883   -1.1177   -1.1320
   -1.0010   -1.1320   -1.1412
 --------------------------

 ------XF MATRIX------
   -1.1612    0.0984   -0.0332
    0.0984    0.9655   -0.2319
   -0.0332   -0.2319   -0.1906
 --------------------------

 ------ENERGY MATRIX------
    1.0152    0.0000    0.0000
    0.0000   -0.2352   -0.0000
    0.0000   -0.0000   -1.1663
 --------------------------

 ------XCOEFF MATRIX------
   -0.0472    0.0149    0.9988
   -0.9807   -0.1908   -0.0435
    0.1899   -0.9815    0.0236
 --------------------------

 ------COEFF MATRIX------
   -2.0114   -2.0030   -0.3960
  -14.3977   -1.9036   -1.0088
   16.0005    3.6750    0.3381
 --------------------------

 ------NEW DENSITY MATRIX------
    8.0915   57.9193  -64.3672
   57.9193  414.5868 -460.7404
  -64.3672 -460.7404  512.0320
 --------------------------

 ------G MATRIX------
    0.0726    0.1643    0.1465
    0.1643    0.4144    0.3637
    0.1465    0.3637    0.3199
 --------------------------

 ------F MATRIX------
   -0.9496   -0.9883   -1.0010
   -0.9883   -1.1177   -1.1319
   -1.0010   -1.1319   -1.1412
 --------------------------

 ------XF MATRIX------
   -1.1612    0.0983   -0.0331
    0.0983    0.9656   -0.2319
   -0.0331   -0.2319   -0.1906
 --------------------------

 ------ENERGY MATRIX------
    1.0152    0.0000    0.0000
    0.0000   -0.2352   -0.0000
    0.0000   -0.0000   -1.1663
 --------------------------

 ------XCOEFF MATRIX------
   -0.0472    0.0149    0.9988
   -0.9807   -0.1908   -0.0435
    0.1899   -0.9815    0.0236
 --------------------------

 ------COEFF MATRIX------
   -2.0114   -2.0030   -0.3961
  -14.3977   -1.9038   -1.0086
   16.0005    3.6752    0.3380
 --------------------------

 ------NEW DENSITY MATRIX------
    8.0914   57.9187  -64.3664
   57.9187  414.5862 -460.7389
  -64.3664 -460.7389  512.0295
 --------------------------

 ------G MATRIX------
    0.0726    0.1643    0.1465
    0.1643    0.4144    0.3637
    0.1465    0.3637    0.3200
 --------------------------

 ------F MATRIX------
   -0.9496   -0.9883   -1.0010
   -0.9883   -1.1177   -1.1319
   -1.0010   -1.1319   -1.1412
 --------------------------

 ------XF MATRIX------
   -1.1612    0.0983   -0.0331
    0.0983    0.9656   -0.2320
   -0.0331   -0.2320   -0.1906
 --------------------------

 ------ENERGY MATRIX------
    1.0152    0.0000    0.0000
    0.0000   -1.1663    0.0000
   -0.0000    0.0000   -0.2352
 --------------------------

 ------XCOEFF MATRIX------
   -0.0472    0.9988   -0.0149
   -0.9807   -0.0435    0.1908
    0.1899    0.0236    0.9815
 --------------------------

 ------COEFF MATRIX------
   -2.0114   -0.3961    2.0031
  -14.3977   -1.0085    1.9039
   16.0004    0.3379   -3.6753
 --------------------------

 ------NEW DENSITY MATRIX------
    8.0913   57.9184  -64.3659
   57.9184  414.5858 -460.7380
  -64.3659 -460.7380  512.0280
 --------------------------

 ------G MATRIX------
    0.0726    0.1644    0.1465
    0.1644    0.4144    0.3637
    0.1465    0.3637    0.3200
 --------------------------

 ------F MATRIX------
   -0.9496   -0.9883   -1.0010
   -0.9883   -1.1177   -1.1319
   -1.0010   -1.1319   -1.1412
 --------------------------

 ------XF MATRIX------
   -1.1612    0.0983   -0.0331
    0.0983    0.9656   -0.2320
   -0.0331   -0.2320   -0.1906
 --------------------------

 ------ENERGY MATRIX------
    1.0152    0.0000    0.0000
    0.0000   -1.1663    0.0000
   -0.0000    0.0000   -0.2352
 --------------------------

 ------XCOEFF MATRIX------
   -0.0472    0.9988   -0.0149
   -0.9807   -0.0435    0.1908
    0.1899    0.0236    0.9815
 --------------------------

 ------COEFF MATRIX------
   -2.0114   -0.3961    2.0031
  -14.3977   -1.0085    1.9039
   16.0004    0.3378   -3.6754
 --------------------------

 ------NEW DENSITY MATRIX------
    8.0912   57.9182  -64.3656
   57.9182  414.5856 -460.7375
  -64.3656 -460.7375  512.0270
 --------------------------

 ------G MATRIX------
    0.0726    0.1644    0.1465
    0.1644    0.4144    0.3637
    0.1465    0.3637    0.3200
 --------------------------

 ------F MATRIX------
   -0.9496   -0.9883   -1.0010
   -0.9883   -1.1177   -1.1319
   -1.0010   -1.1319   -1.1412
 --------------------------

 ------XF MATRIX------
   -1.1612    0.0983   -0.0331
    0.0983    0.9656   -0.2320
   -0.0331   -0.2320   -0.1906
 --------------------------

 ------ENERGY MATRIX------
    1.0153    0.0000   -0.0000
    0.0000   -1.1663   -0.0000
   -0.0000   -0.0000   -0.2352
 --------------------------

 ------XCOEFF MATRIX------
   -0.0472    0.9988   -0.0148
   -0.9807   -0.0435    0.1908
    0.1900    0.0236    0.9815
 --------------------------

 ------COEFF MATRIX------
   -2.0114   -0.3961    2.0031
  -14.3977   -1.0085    1.9040
   16.0004    0.3378   -3.6754
 --------------------------

 ------NEW DENSITY MATRIX------
    8.0912   57.9180  -64.3655
   57.9180  414.5855 -460.7371
  -64.3655 -460.7371  512.0264
 --------------------------

 ------G MATRIX------
    0.0726    0.1644    0.1465
    0.1644    0.4144    0.3637
    0.1465    0.3637    0.3200
 --------------------------

 ------F MATRIX------
   -0.9496   -0.9883   -1.0010
   -0.9883   -1.1177   -1.1319
   -1.0010   -1.1319   -1.1412
 --------------------------

 ------XF MATRIX------
   -1.1612    0.0983   -0.0331
    0.0983    0.9656   -0.2320
   -0.0331   -0.2320   -0.1906
 --------------------------

 ------ENERGY MATRIX------
    1.0153    0.0000   -0.0000
    0.0000   -1.1663   -0.0000
   -0.0000   -0.0000   -0.2352
 --------------------------

 ------XCOEFF MATRIX------
   -0.0472    0.9988   -0.0148
   -0.9807   -0.0435    0.1908
    0.1900    0.0236    0.9815
 --------------------------

 ------COEFF MATRIX------
   -2.0114   -0.3961    2.0031
  -14.3977   -1.0084    1.9040
   16.0004    0.3378   -3.6755
 --------------------------

 ------NEW DENSITY MATRIX------
    8.0912   57.9179  -64.3654
   57.9179  414.5854 -460.7369
  -64.3654 -460.7369  512.0261
 --------------------------

 ------G MATRIX------
    0.0726    0.1644    0.1465
    0.1644    0.4144    0.3637
    0.1465    0.3637    0.3200
 --------------------------

 ------F MATRIX------
   -0.9496   -0.9883   -1.0010
   -0.9883   -1.1177   -1.1319
   -1.0010   -1.1319   -1.1412
 --------------------------

 ------XF MATRIX------
   -1.1612    0.0983   -0.0331
    0.0983    0.9656   -0.2320
   -0.0331   -0.2320   -0.1906
 --------------------------

 ------ENERGY MATRIX------
    1.0153    0.0000   -0.0000
    0.0000   -1.1663   -0.0000
   -0.0000   -0.0000   -0.2352
 --------------------------

 ------XCOEFF MATRIX------
   -0.0472    0.9988   -0.0148
   -0.9807   -0.0435    0.1908
    0.1900    0.0236    0.9815
 --------------------------

 ------COEFF MATRIX------
   -2.0114   -0.3961    2.0031
  -14.3977   -1.0084    1.9040
   16.0004    0.3378   -3.6755
 --------------------------

 ------NEW DENSITY MATRIX------
    8.0912   57.9179  -64.3653
   57.9179  414.5853 -460.7368
  -64.3653 -460.7368  512.0258
 --------------------------

