 ------DADOS DO INPUT------
Número atômico:  4
 Carga:            0
 Numero de Eletrons:            4
 Camada Aberta?  T
 Eletrons Alpha:            2
 Eletrons Beta:            2
Número de bases:    6
 BASE: 
 312.8705
  57.3645
  16.0485
   5.5131
   2.1409
   0.8817
 --------------------------

 ------OVERLAP MATRIX------
    1.0000    0.6157    0.2828    0.1333    0.0666    0.0345
    0.6157    1.0000    0.7515    0.4254    0.2273    0.1207
    0.2828    0.7515    1.0000    0.8150    0.5174    0.2962
    0.1333    0.4254    0.8150    1.0000    0.8506    0.5726
    0.0666    0.2273    0.5174    0.8506    1.0000    0.8668
    0.0345    0.1207    0.2962    0.5726    0.8668    1.0000
 --------------------------

 ------TRANSFERENCE MATRIX------
   -0.3417   -0.5996   -0.8076    0.7806   -0.4488    0.1089
    1.3330    1.6473    1.1196   -0.0835   -0.4254    0.1968
   -3.2453   -2.0905    0.0509   -0.5759   -0.1732    0.2556
    5.1795    0.4858   -0.9536   -0.3240    0.1108    0.2752
   -4.9863    1.7132   -0.2710    0.2073    0.2957    0.2559
    2.2005   -1.4353    0.9020    0.5548    0.3419    0.2067
 --------------------------

 ------KINETIC MATRIX------
  469.3057   89.5336   12.9522    2.1658    0.4249    0.0909
   89.5336   86.0467   28.2729    6.4194    1.4075    0.3144
   12.9522   28.2729   24.0728   10.0327    2.9321    0.7428
    2.1658    6.4194   10.0327    8.2696    3.9349    1.3058
    0.4249    1.4075    2.9321    3.9349    3.2113    1.6240
    0.0909    0.3144    0.7428    1.3058    1.6240    1.3226
 --------------------------

 ------POTENTIAL MATRIX------
 -112.9048  -53.4673  -23.1510  -10.7320   -5.3359   -2.7542
  -53.4673  -48.3450  -29.0633  -15.2263   -7.9147   -4.1570
  -23.1510  -29.0633  -25.5710  -17.0805   -9.9601   -5.5015
  -10.7320  -15.2263  -17.0805  -14.9875  -10.6210   -6.5356
   -5.3359   -7.9147   -9.9601  -10.6210   -9.3396   -6.8018
   -2.7542   -4.1570   -5.5015   -6.5356   -6.8018   -5.9938
 --------------------------

 ------H_CORE MATRIX------
  356.4010   36.0663  -10.1989   -8.5662   -4.9110   -2.6634
   36.0663   37.7017   -0.7905   -8.8069   -6.5072   -3.8426
  -10.1989   -0.7905   -1.4982   -7.0479   -7.0281   -4.7587
   -8.5662   -8.8069   -7.0479   -6.7178   -6.6861   -5.2297
   -4.9110   -6.5072   -7.0281   -6.6861   -6.1282   -5.1778
   -2.6634   -3.8426   -4.7587   -5.2297   -5.1778   -4.6712
 --------------------------

 ------DENSITY MATRIX------
    0.0000    0.0000    0.0000    0.0000    0.0000    0.0000
    0.0000    0.0000    0.0000    0.0000    0.0000    0.0000
    0.0000    0.0000    0.0000    0.0000    0.0000    0.0000
    0.0000    0.0000    0.0000    0.0000    0.0000    0.0000
    0.0000    0.0000    0.0000    0.0000    0.0000    0.0000
    0.0000    0.0000    0.0000    0.0000    0.0000    0.0000
 --------------------------

 ------G MATRIX------
    0.0000    0.0000    0.0000    0.0000    0.0000    0.0000
    0.0000    0.0000    0.0000    0.0000    0.0000    0.0000
    0.0000    0.0000    0.0000    0.0000    0.0000    0.0000
    0.0000    0.0000    0.0000    0.0000    0.0000    0.0000
    0.0000    0.0000    0.0000    0.0000    0.0000    0.0000
    0.0000    0.0000    0.0000    0.0000    0.0000    0.0000
 --------------------------

 Energia Total:   0.0000000000000000     
 ------G MATRIX------
    0.6335    0.9681    0.9826    0.7945    0.5321    0.3001
    0.9681    1.9305    2.2329    1.9040    1.3045    0.7443
    0.9826    2.2329    2.9229    2.6884    1.9256    1.1370
    0.7945    1.9040    2.6884    2.6607    2.0452    1.3103
    0.5321    1.3045    1.9256    2.0452    1.7635    1.3242
    0.3001    0.7443    1.1370    1.3103    1.3242    1.2077
 --------------------------

 Energia Total:  -15.612740571649958     
 ------G MATRIX------
    0.5938    0.9103    0.9300    0.7597    0.5142    0.2919
    0.9103    1.8229    2.1242    1.8308    1.2679    0.7283
    0.9300    2.1242    2.8062    2.6127    1.8926    1.1246
    0.7597    1.8308    2.6127    2.6208    2.0364    1.3098
    0.5142    1.2679    1.8926    2.0364    1.7696    1.3288
    0.2919    0.7283    1.1246    1.3098    1.3288    1.2107
 --------------------------

 Energia Total:  -15.641591499889122     
 ------G MATRIX------
    0.5738    0.8812    0.9036    0.7423    0.5052    0.2878
    0.8812    1.7689    2.0698    1.7943    1.2498    0.7203
    0.9036    2.0698    2.7479    2.5751    1.8763    1.1184
    0.7423    1.7943    2.5751    2.6011    2.0323    1.3096
    0.5052    1.2498    1.8763    2.0323    1.7729    1.3312
    0.2878    0.7203    1.1184    1.3096    1.3312    1.2123
 --------------------------

 Energia Total:  -15.676677184532423     
 ------G MATRIX------
    0.5638    0.8667    0.8904    0.7336    0.5008    0.2858
    0.8667    1.7418    2.0426    1.7761    1.2408    0.7164
    0.8904    2.0426    2.7188    2.5563    1.8682    1.1154
    0.7336    1.7761    2.5563    2.5915    2.0303    1.3096
    0.5008    1.2408    1.8682    2.0303    1.7746    1.3325
    0.2858    0.7164    1.1154    1.3096    1.3325    1.2132
 --------------------------

 Energia Total:  -15.693494626553049     
 ------G MATRIX------
    0.5587    0.8593    0.8837    0.7292    0.4986    0.2848
    0.8593    1.7283    2.0290    1.7671    1.2363    0.7144
    0.8837    2.0290    2.7043    2.5471    1.8643    1.1140
    0.7292    1.7671    2.5471    2.5867    2.0294    1.3096
    0.4986    1.2363    1.8643    2.0294    1.7756    1.3331
    0.2848    0.7144    1.1140    1.3096    1.3331    1.2136
 --------------------------

 Energia Total:  -15.701663155183821     
 ------G MATRIX------
    0.5562    0.8557    0.8804    0.7271    0.4975    0.2843
    0.8557    1.7215    2.0221    1.7626    1.2341    0.7134
    0.8804    2.0221    2.6971    2.5424    1.8623    1.1132
    0.7271    1.7626    2.5424    2.5844    2.0290    1.3097
    0.4975    1.2341    1.8623    2.0290    1.7761    1.3335
    0.2843    0.7134    1.1132    1.3097    1.3335    1.2139
 --------------------------

 Energia Total:  -15.705651884343306     
 ------G MATRIX------
    0.5549    0.8538    0.8787    0.7260    0.4969    0.2840
    0.8538    1.7180    2.0187    1.7603    1.2330    0.7130
    0.8787    2.0187    2.6935    2.5402    1.8614    1.1129
    0.7260    1.7603    2.5402    2.5833    2.0288    1.3097
    0.4969    1.2330    1.8614    2.0288    1.7763    1.3337
    0.2840    0.7130    1.1129    1.3097    1.3337    1.2140
 --------------------------

 Energia Total:  -15.707600926356905     
 ------G MATRIX------
    0.5543    0.8529    0.8779    0.7254    0.4966    0.2839
    0.8529    1.7163    2.0170    1.7592    1.2325    0.7127
    0.8779    2.0170    2.6917    2.5390    1.8609    1.1127
    0.7254    1.7592    2.5390    2.5827    2.0288    1.3097
    0.4966    1.2325    1.8609    2.0288    1.7765    1.3338
    0.2839    0.7127    1.1127    1.3097    1.3338    1.2141
 --------------------------

 Energia Total:  -15.708551175214629     
 ------G MATRIX------
    0.5540    0.8524    0.8775    0.7252    0.4965    0.2839
    0.8524    1.7155    2.0162    1.7586    1.2322    0.7126
    0.8775    2.0162    2.6908    2.5385    1.8607    1.1126
    0.7252    1.7586    2.5385    2.5825    2.0287    1.3097
    0.4965    1.2322    1.8607    2.0287    1.7766    1.3339
    0.2839    0.7126    1.1126    1.3097    1.3339    1.2141
 --------------------------

 Energia Total:  -15.709012426304753     
 ------G MATRIX------
    0.5538    0.8522    0.8773    0.7250    0.4964    0.2838
    0.8522    1.7150    2.0157    1.7584    1.2321    0.7126
    0.8773    2.0157    2.6903    2.5382    1.8606    1.1126
    0.7250    1.7584    2.5382    2.5824    2.0287    1.3097
    0.4964    1.2321    1.8606    2.0287    1.7766    1.3339
    0.2838    0.7126    1.1126    1.3097    1.3339    1.2141
 --------------------------

 Energia Total:  -15.709234879379739     
 ------G MATRIX------
    0.5537    0.8521    0.8772    0.7250    0.4964    0.2838
    0.8521    1.7148    2.0155    1.7582    1.2320    0.7125
    0.8772    2.0155    2.6901    2.5381    1.8606    1.1126
    0.7250    1.7582    2.5381    2.5823    2.0287    1.3097
    0.4964    1.2320    1.8606    2.0287    1.7767    1.3339
    0.2838    0.7125    1.1126    1.3097    1.3339    1.2142
 --------------------------

 Energia Total:  -15.709341229355557     
 ------G MATRIX------
    0.5537    0.8520    0.8771    0.7249    0.4964    0.2838
    0.8520    1.7147    2.0154    1.7581    1.2320    0.7125
    0.8771    2.0154    2.6900    2.5380    1.8605    1.1126
    0.7249    1.7581    2.5380    2.5823    2.0287    1.3097
    0.4964    1.2320    1.8605    2.0287    1.7767    1.3339
    0.2838    0.7125    1.1126    1.3097    1.3339    1.2142
 --------------------------

 Energia Total:  -15.709391479359137     
 ------G MATRIX------
    0.5537    0.8520    0.8771    0.7249    0.4964    0.2838
    0.8520    1.7146    2.0154    1.7581    1.2320    0.7125
    0.8771    2.0154    2.6899    2.5380    1.8605    1.1125
    0.7249    1.7581    2.5380    2.5823    2.0287    1.3097
    0.4964    1.2320    1.8605    2.0287    1.7767    1.3339
    0.2838    0.7125    1.1125    1.3097    1.3339    1.2142
 --------------------------

 Energia Total:  -15.709414846547043     
 ------G MATRIX------
    0.5536    0.8520    0.8771    0.7249    0.4964    0.2838
    0.8520    1.7146    2.0153    1.7581    1.2320    0.7125
    0.8771    2.0153    2.6899    2.5380    1.8605    1.1125
    0.7249    1.7581    2.5380    2.5822    2.0287    1.3098
    0.4964    1.2320    1.8605    2.0287    1.7767    1.3339
    0.2838    0.7125    1.1125    1.3098    1.3339    1.2142
 --------------------------

 Energia Total:  -15.709425473117943     
 ------G MATRIX------
    0.5536    0.8519    0.8771    0.7249    0.4964    0.2838
    0.8519    1.7146    2.0153    1.7581    1.2320    0.7125
    0.8771    2.0153    2.6899    2.5380    1.8605    1.1125
    0.7249    1.7581    2.5380    2.5822    2.0287    1.3098
    0.4964    1.2320    1.8605    2.0287    1.7767    1.3339
    0.2838    0.7125    1.1125    1.3098    1.3339    1.2142
 --------------------------

 Energia Total:  -15.709430150736512     
