 ------DADOS DO INPUT------
Número atômico:  3
 Carga:            0
Número de bases:  100
 BASE: 
  44.0000
  13.0000
  95.0000
  59.0000
  18.0000
  50.0000
  37.0000
  66.0000
  55.0000
  84.0000
  92.0000
  39.0000
  12.0000
  80.0000
  27.0000
   5.0000
  48.0000
  24.0000
   3.0000
  60.0000
  22.0000
  58.0000
  34.0000
  23.0000
  89.0000
  81.0000
  74.0000
  54.0000
  16.0000
  53.0000
  79.0000
  21.0000
  36.0000
  77.0000
   6.0000
  98.0000
  51.0000
  93.0000
  78.0000
  31.0000
  11.0000
  43.0000
  52.0000
  29.0000
  35.0000
  56.0000
  82.0000
  91.0000
  97.0000
  41.0000
   2.0000
  47.0000
  61.0000
  85.0000
  45.0000
  57.0000
  96.0000
  15.0000
  63.0000
   4.0000
  75.0000
  62.0000
  99.0000
  14.0000
  17.0000
   9.0000
  10.0000
  46.0000
  49.0000
  70.0000
  32.0000
   7.0000
 100.0000
  69.0000
  33.0000
  73.0000
  26.0000
  42.0000
  87.0000
   1.0000
  76.0000
   8.0000
  28.0000
  83.0000
  72.0000
  90.0000
  65.0000
  67.0000
  68.0000
  38.0000
  30.0000
  40.0000
  20.0000
  64.0000
  94.0000
  86.0000
  88.0000
  71.0000
  25.0000
  19.0000
 --------------------------

 ------OVERLAP MATRIX------
 1.0000 0.7687 0.8972 0.9841 0.8650 0.9969 0.9944 0.9698 0.9907 0.9258 0.9050 0.9973 0.7434 0.9361 0.9567 0.4711 0.9986 0.9344 0.3418 0.9822 0.9155 0.9858 0.9876 0.9254 0.9129 0.9335 0.9511 0.9922 0.8318 0.9935 0.9386 0.9045 0.9925 0.9437 0.5240 0.8895 0.9959 0.9024 0.9412 0.9774 0.7155 0.9999 0.9948 0.9682 0.9903 0.9892 0.9310 0.9076 0.8920 0.9991 0.2605 0.9992 0.9803 0.9232 0.9999 0.9875 0.8946 0.8127 0.9763 0.4110 0.9487 0.9783 0.8869 0.7918 0.8491 0.6507 0.6848 0.9996 0.9978 0.9607 0.9812 0.5710 0.8843 0.9631 0.9847 0.9536 0.9500 0.9996 0.9181 0.1601 0.9462 0.6130 0.9627 0.9284 0.9560 0.9102 0.9720 0.9676 0.9654 0.9960 0.9730 0.9983 0.8926 0.9742 0.8998 0.9206 0.9155 0.9584 0.9426 0.8794
 0.7687 1.0000 0.5250 0.6747 0.9804 0.7281 0.8217 0.6386 0.6974 0.5624 0.5346 0.8059 0.9988 0.5776 0.9066 0.8479 0.7412 0.9329 0.6897 0.6693 0.9500 0.6803 0.8462 0.9416 0.5447 0.5737 0.6021 0.7034 0.9920 0.7094 0.5815 0.9582 0.8297 0.5895 0.8964 0.5157 0.7218 0.5314 0.5855 0.8717 0.9948 0.7759 0.7155 0.8891 0.8379 0.6916 0.5699 0.5379 0.5188 0.7907 0.5606 0.7479 0.6640 0.5588 0.7617 0.6859 0.5219 0.9962 0.6536 0.7814 0.5978 0.6587 0.5127 0.9990 0.9866 0.9751 0.9872 0.7547 0.7346 0.6197 0.8631 0.9317 0.5098 0.6243 0.8546 0.6064 0.9155 0.7832 0.5516 0.3697 0.5936 0.9572 0.8978 0.5661 0.6108 0.5413 0.6435 0.6338 0.6290 0.8137 0.8803 0.7982 0.9661 0.6485 0.5282 0.5552 0.5481 0.6152 0.9242 0.9735
 0.8972 0.5250 1.0000 0.9587 0.6261 0.9269 0.8514 0.9756 0.9462 0.9972 0.9998 0.8659 0.5014 0.9945 0.7565 0.2878 0.9178 0.7189 0.2022 0.9615 0.6908 0.9558 0.8271 0.7052 0.9992 0.9953 0.9884 0.9427 0.5888 0.9390 0.9937 0.6758 0.8436 0.9918 0.3251 0.9998 0.9311 0.9999 0.9927 0.7995 0.4763 0.8915 0.9351 0.7789 0.8356 0.9495 0.9960 0.9997 0.9999 0.8793 0.1515 0.9130 0.9642 0.9977 0.9027 0.9527 1.0000 0.5686 0.9691 0.2471 0.9896 0.9667 0.9997 0.5474 0.6079 0.4217 0.4498 0.9080 0.9224 0.9827 0.8091 0.3596 0.9995 0.9811 0.8183 0.9871 0.7445 0.8855 0.9986 0.0915 0.9907 0.3917 0.7680 0.9966 0.9857 0.9995 0.9735 0.9775 0.9794 0.8588 0.7894 0.8727 0.6600 0.9714 1.0000 0.9981 0.9989 0.9843 0.7320 0.6435
 0.9841 0.6747 0.9587 1.0000 0.7788 0.9949 0.9603 0.9976 0.9991 0.9770 0.9640 0.9686 0.6489 0.9828 0.8943 0.3932 0.9921 0.8634 0.2811 0.9999 0.8390 0.9999 0.9453 0.8516 0.9690 0.9814 0.9904 0.9985 0.7416 0.9978 0.9842 0.8255 0.9557 0.9868 0.4405 0.9534 0.9960 0.9622 0.9855 0.9265 0.6210 0.9815 0.9970 0.9115 0.9507 0.9995 0.9800 0.9657 0.9552 0.9756 0.2126 0.9904 0.9998 0.9754 0.9864 0.9998 0.9570 0.7209 0.9992 0.3406 0.9893 0.9995 0.9515 0.6987 0.7609 0.5580 0.5908 0.9885 0.9936 0.9945 0.9332 0.4833 0.9497 0.9954 0.9395 0.9916 0.8847 0.9787 0.9723 0.1296 0.9881 0.5223 0.9032 0.9785 0.9926 0.9674 0.9982 0.9970 0.9962 0.9646 0.9193 0.9722 0.8110 0.9988 0.9605 0.9739 0.9707 0.9936 0.8744 0.7954
 0.8650 0.9804 0.6261 0.7788 1.0000 0.8288 0.9091 0.7434 0.8004 0.6657 0.6364 0.8964 0.9698 0.6815 0.9698 0.7493 0.8406 0.9847 0.5855 0.7735 0.9925 0.7841 0.9281 0.9888 0.6471 0.6775 0.7067 0.8059 0.9974 0.8116 0.6856 0.9956 0.9155 0.6939 0.8059 0.6162 0.8230 0.6330 0.6897 0.9467 0.9560 0.8712 0.8172 0.9586 0.9218 0.7949 0.6735 0.6399 0.6195 0.8837 0.4648 0.8466 0.7683 0.6619 0.8588 0.7894 0.6228 0.9938 0.7582 0.6775 0.7024 0.7632 0.6130 0.9883 0.9994 0.9155 0.9381 0.8527 0.8347 0.7246 0.9406 0.8510 0.6098 0.7292 0.9344 0.7111 0.9751 0.8774 0.6544 0.2984 0.6981 0.8869 0.9643 0.6696 0.7155 0.6435 0.7483 0.7386 0.7339 0.9027 0.9527 0.8900 0.9979 0.7532 0.6295 0.6581 0.6507 0.7200 0.9801 0.9995
 0.9969 0.7281 0.9269 0.9949 0.8288 1.0000 0.9832 0.9857 0.9983 0.9513 0.9336 0.9885 0.7024 0.9598 0.9323 0.4360 0.9997 0.9059 0.3142 0.9938 0.8843 0.9959 0.9727 0.8955 0.9404 0.9577 0.9718 0.9989 0.7935 0.9994 0.9619 0.8721 0.9801 0.9659 0.4865 0.9200 0.9999 0.9314 0.9639 0.9584 0.6743 0.9957 0.9997 0.9465 0.9766 0.9976 0.9556 0.9359 0.9223 0.9927 0.2385 0.9993 0.9926 0.9492 0.9979 0.9968 0.9246 0.7735 0.9901 0.3791 0.9698 0.9914 0.9177 0.7518 0.8119 0.6098 0.6435 0.9987 0.9999 0.9791 0.9636 0.5318 0.9155 0.9808 0.9684 0.9737 0.9242 0.9943 0.9448 0.1460 0.9679 0.5727 0.9397 0.9535 0.9755 0.9381 0.9872 0.9841 0.9825 0.9860 0.9527 0.9907 0.8588 0.9887 0.9291 0.9470 0.9426 0.9773 0.9155 0.8444
 0.9944 0.8217 0.8514 0.9603 0.9091 0.9832 1.0000 0.9399 0.9712 0.8846 0.8603 0.9995 0.7976 0.8969 0.9816 0.5213 0.9874 0.9657 0.3823 0.9575 0.9511 0.9631 0.9987 0.9589 0.8693 0.8938 0.9155 0.9737 0.8798 0.9762 0.9000 0.9424 0.9999 0.9062 0.5769 0.8426 0.9810 0.8573 0.9031 0.9942 0.7707 0.9958 0.9786 0.9890 0.9994 0.9685 0.8907 0.8633 0.8455 0.9980 0.2930 0.9894 0.9547 0.8815 0.9929 0.9659 0.8484 0.8625 0.9489 0.4572 0.9124 0.9518 0.8397 0.8432 0.8952 0.7067 0.7405 0.9912 0.9854 0.9278 0.9961 0.6257 0.8368 0.9308 0.9976 0.9185 0.9770 0.9970 0.8754 0.1811 0.9093 0.6686 0.9856 0.8876 0.9216 0.8663 0.9429 0.9369 0.9339 0.9999 0.9918 0.9989 0.9325 0.9459 0.8543 0.8784 0.8724 0.9247 0.9718 0.9215
 0.9698 0.6386 0.9756 0.9976 0.7434 0.9857 0.9399 1.0000 0.9938 0.9892 0.9796 0.9500 0.6130 0.9931 0.8650 0.3661 0.9812 0.8318 0.2605 0.9983 0.8059 0.9969 0.9222 0.8192 0.9834 0.9922 0.9976 0.9925 0.7056 0.9910 0.9940 0.7918 0.9344 0.9956 0.4110 0.9713 0.9876 0.9783 0.9948 0.9007 0.5855 0.9664 0.9894 0.8839 0.9285 0.9950 0.9912 0.9809 0.9727 0.9588 0.1964 0.9787 0.9988 0.9881 0.9730 0.9960 0.9742 0.6848 0.9996 0.3163 0.9969 0.9993 0.9698 0.6625 0.7251 0.5240 0.5559 0.9760 0.9836 0.9994 0.9083 0.4519 0.9684 0.9996 0.9155 0.9981 0.8546 0.9627 0.9858 0.1194 0.9963 0.4894 0.8747 0.9902 0.9986 0.9822 1.0000 1.0000 0.9998 0.9451 0.8926 0.9545 0.7767 0.9998 0.9769 0.9870 0.9847 0.9990 0.8435 0.7606
 0.9907 0.6974 0.9462 0.9991 0.8004 0.9983 0.9712 0.9938 1.0000 0.9672 0.9521 0.9782 0.6716 0.9742 0.9112 0.4110 0.9965 0.8821 0.2948 0.9986 0.8588 0.9995 0.9579 0.8709 0.9579 0.9725 0.9837 0.9999 0.7639 0.9997 0.9758 0.8458 0.9671 0.9791 0.4597 0.9402 0.9989 0.9501 0.9775 0.9410 0.6435 0.9887 0.9994 0.9272 0.9627 0.9999 0.9707 0.9540 0.9422 0.9840 0.2232 0.9954 0.9980 0.9654 0.9925 0.9998 0.9442 0.7434 0.9966 0.3565 0.9822 0.9973 0.9381 0.7213 0.7828 0.5797 0.6130 0.9940 0.9975 0.9892 0.9471 0.5036 0.9361 0.9904 0.9527 0.9851 0.9022 0.9865 0.9617 0.1363 0.9807 0.5434 0.9195 0.9690 0.9865 0.9560 0.9948 0.9927 0.9916 0.9748 0.9344 0.9812 0.8318 0.9957 0.9482 0.9635 0.9598 0.9879 0.8926 0.8166
 0.9258 0.5624 0.9972 0.9770 0.6657 0.9513 0.8846 0.9892 0.9672 1.0000 0.9985 0.8978 0.5379 0.9996 0.7949 0.3125 0.9437 0.7582 0.2205 0.9791 0.7305 0.9747 0.8621 0.7447 0.9994 0.9998 0.9970 0.9643 0.6278 0.9613 0.9993 0.7155 0.8774 0.9986 0.3524 0.9956 0.9548 0.9981 0.9990 0.8360 0.5119 0.9208 0.9582 0.8165 0.8699 0.9698 0.9999 0.9988 0.9961 0.9099 0.1655 0.9396 0.9811 1.0000 0.9306 0.9724 0.9967 0.6073 0.9847 0.2689 0.9976 0.9829 0.9950 0.5855 0.6473 0.4547 0.4842 0.9352 0.9476 0.9938 0.8451 0.3891 0.9943 0.9928 0.8538 0.9963 0.7832 0.9155 0.9998 0.1001 0.9981 0.4230 0.8059 1.0000 0.9956 0.9991 0.9878 0.9905 0.9917 0.8914 0.8265 0.9040 0.6998 0.9863 0.9976 0.9999 0.9996 0.9947 0.7710 0.6832
 0.9050 0.5346 0.9998 0.9640 0.6364 0.9336 0.8603 0.9796 0.9521 0.9985 1.0000 0.8745 0.5108 0.9963 0.7666 0.2941 0.9250 0.7292 0.2068 0.9666 0.7012 0.9612 0.8364 0.7155 0.9998 0.9970 0.9912 0.9488 0.5989 0.9452 0.9957 0.6862 0.8527 0.9941 0.3320 0.9993 0.9377 1.0000 0.9949 0.8092 0.4855 0.8995 0.9416 0.7889 0.8448 0.9553 0.9975 1.0000 0.9995 0.8876 0.1550 0.9203 0.9690 0.9988 0.9104 0.9583 0.9997 0.5786 0.9736 0.2527 0.9922 0.9714 0.9990 0.5572 0.6181 0.4301 0.4587 0.9155 0.9294 0.9861 0.8187 0.3671 0.9987 0.9847 0.8278 0.9900 0.7547 0.8936 0.9994 0.0937 0.9932 0.3997 0.7780 0.9980 0.9888 0.9999 0.9777 0.9814 0.9831 0.8676 0.7993 0.8812 0.6704 0.9757 0.9999 0.9991 0.9996 0.9875 0.7423 0.6538
 0.9973 0.8059 0.8659 0.9686 0.8964 0.9885 0.9995 0.9500 0.9782 0.8978 0.8745 1.0000 0.7814 0.9096 0.9751 0.5057 0.9920 0.9572 0.3697 0.9661 0.9412 0.9711 0.9965 0.9496 0.8832 0.9066 0.9271 0.9804 0.8657 0.9826 0.9125 0.9317 0.9988 0.9184 0.5606 0.8574 0.9866 0.8717 0.9155 0.9902 0.7541 0.9982 0.9847 0.9837 0.9978 0.9759 0.9037 0.8774 0.8602 0.9995 0.2828 0.9935 0.9635 0.8949 0.9962 0.9735 0.8631 0.8479 0.9582 0.4428 0.9242 0.9608 0.8546 0.8280 0.8819 0.6897 0.7237 0.9949 0.9903 0.9387 0.9927 0.6089 0.8518 0.9416 0.9948 0.9301 0.9698 0.9990 0.8891 0.1745 0.9213 0.6516 0.9797 0.9008 0.9329 0.8803 0.9527 0.9472 0.9444 0.9999 0.9872 0.9999 0.9212 0.9555 0.8688 0.8920 0.8861 0.9358 0.9639 0.9094
 0.7434 0.9988 0.5014 0.6489 0.9698 0.7024 0.7976 0.6130 0.6716 0.5379 0.5108 0.7814 1.0000 0.5528 0.8869 0.8699 0.7155 0.9155 0.7155 0.6435 0.9344 0.6544 0.8230 0.9250 0.5206 0.5490 0.5769 0.6775 0.9847 0.6835 0.5567 0.9437 0.8059 0.5646 0.9155 0.4923 0.6960 0.5076 0.5606 0.8497 0.9986 0.7507 0.6897 0.8681 0.8144 0.6657 0.5453 0.5140 0.4953 0.7658 0.5855 0.7223 0.6382 0.5344 0.7363 0.6600 0.4983 0.9907 0.6278 0.8059 0.5727 0.6330 0.4894 0.9956 0.9776 0.9847 0.9938 0.7292 0.7089 0.5943 0.8406 0.9476 0.4865 0.5989 0.8318 0.5812 0.8964 0.7582 0.5274 0.3891 0.5686 0.9698 0.8774 0.5416 0.5855 0.5173 0.6178 0.6082 0.6035 0.7894 0.8588 0.7735 0.9527 0.6228 0.5044 0.5308 0.5240 0.5899 0.9059 0.9615
 0.9361 0.5776 0.9945 0.9828 0.6815 0.9598 0.8969 0.9931 0.9742 0.9996 0.9963 0.9096 0.5528 1.0000 0.8097 0.3228 0.9527 0.7735 0.2281 0.9847 0.7461 0.9809 0.8752 0.7602 0.9979 1.0000 0.9989 0.9716 0.6435 0.9689 1.0000 0.7312 0.8900 0.9997 0.3637 0.9923 0.9630 0.9958 0.9999 0.8500 0.5264 0.9313 0.9661 0.8308 0.8828 0.9766 0.9999 0.9969 0.9931 0.9210 0.1714 0.9489 0.9864 0.9993 0.9406 0.9788 0.9938 0.6228 0.9894 0.2780 0.9992 0.9879 0.9915 0.6009 0.6630 0.4682 0.4983 0.9449 0.9564 0.9967 0.8588 0.4012 0.9907 0.9959 0.8672 0.9984 0.7982 0.9263 0.9987 0.1038 0.9995 0.4360 0.8205 0.9997 0.9979 0.9974 0.9920 0.9941 0.9951 0.9034 0.8406 0.9155 0.7155 0.9907 0.9951 0.9990 0.9983 0.9973 0.7862 0.6990
 0.9567 0.9066 0.7565 0.8943 0.9698 0.9323 0.9816 0.8650 0.9112 0.7949 0.7666 0.9751 0.8869 0.8097 1.0000 0.6188 0.9406 0.9974 0.4648 0.8900 0.9922 0.8985 0.9901 0.9952 0.7770 0.8059 0.8327 0.9155 0.9505 0.9197 0.8134 0.9883 0.9847 0.8211 0.6775 0.7467 0.9281 0.7632 0.8172 0.9964 0.8638 0.9606 0.9239 0.9990 0.9875 0.9070 0.8022 0.7701 0.7499 0.9680 0.3608 0.9447 0.8858 0.7912 0.9527 0.9027 0.7532 0.9381 0.8774 0.5490 0.8288 0.8816 0.7434 0.9236 0.9610 0.8059 0.8371 0.9488 0.9365 0.8487 0.9946 0.7272 0.7402 0.8527 0.9925 0.8367 0.9997 0.9643 0.7841 0.2261 0.8249 0.7696 0.9998 0.7985 0.8406 0.7735 0.8691 0.8609 0.8568 0.9784 0.9979 0.9716 0.9833 0.8733 0.7599 0.7876 0.7805 0.8446 0.9989 0.9772
 0.4711 0.8479 0.2878 0.3932 0.7493 0.4360 0.5213 0.3661 0.4110 0.3125 0.2941 0.5057 0.8699 0.3228 0.6188 1.0000 0.4470 0.6566 0.9527 0.3891 0.6848 0.3975 0.5467 0.6704 0.3007 0.3202 0.3398 0.4157 0.7862 0.4206 0.3255 0.6998 0.5294 0.3311 0.9938 0.2818 0.4307 0.2919 0.3283 0.5752 0.8926 0.4775 0.4256 0.5961 0.5379 0.4064 0.3176 0.2962 0.2838 0.4912 0.8588 0.4527 0.3850 0.3101 0.4648 0.4019 0.2858 0.8059 0.3772 0.9907 0.3368 0.3810 0.2799 0.8265 0.7673 0.9381 0.9155 0.4587 0.4414 0.3524 0.5654 0.9791 0.2780 0.3557 0.5559 0.3429 0.6309 0.4842 0.3053 0.6435 0.3339 0.9598 0.6073 0.3150 0.3460 0.2984 0.3697 0.3625 0.3591 0.5133 0.5855 0.4983 0.7155 0.3734 0.2898 0.3077 0.3030 0.3491 0.6435 0.7320
 0.9986 0.7412 0.9178 0.9921 0.8406 0.9997 0.9874 0.9812 0.9965 0.9437 0.9250 0.9920 0.7155 0.9527 0.9406 0.4470 1.0000 0.9155 0.3228 0.9907 0.8946 0.9933 0.9781 0.9055 0.9320 0.9505 0.9657 0.9974 0.8059 0.9982 0.9550 0.8828 0.9847 0.9594 0.4983 0.9107 0.9993 0.9226 0.9572 0.9651 0.6875 0.9977 0.9988 0.9540 0.9815 0.9956 0.9482 0.9273 0.9131 0.9954 0.2454 0.9999 0.9893 0.9414 0.9992 0.9945 0.9155 0.7862 0.9863 0.3891 0.9636 0.9878 0.9083 0.7647 0.8240 0.6228 0.6566 0.9997 0.9999 0.9738 0.9698 0.5442 0.9059 0.9757 0.9742 0.9678 0.9329 0.9967 0.9367 0.1504 0.9615 0.5855 0.9476 0.9460 0.9698 0.9297 0.9830 0.9795 0.9776 0.9898 0.9598 0.9938 0.8699 0.9847 0.9202 0.9391 0.9344 0.9719 0.9246 0.8559
 0.9344 0.9329 0.7189 0.8634 0.9847 0.9059 0.9657 0.8318 0.8821 0.7582 0.7292 0.9572 0.9155 0.7735 0.9974 0.6566 0.9155 1.0000 0.4983 0.8588 0.9986 0.8681 0.9776 0.9997 0.7398 0.7696 0.7976 0.8869 0.9698 0.8916 0.7774 0.9967 0.9698 0.7854 0.7155 0.7089 0.9011 0.7257 0.7814 0.9878 0.8946 0.9391 0.8964 0.9933 0.9738 0.8774 0.7658 0.7327 0.7122 0.9482 0.3891 0.9202 0.8542 0.7544 0.9297 0.8727 0.7155 0.9598 0.8451 0.5855 0.7935 0.8497 0.7056 0.9476 0.9781 0.8406 0.8699 0.9250 0.9107 0.8144 0.9847 0.7647 0.7024 0.8187 0.9812 0.8017 0.9988 0.9437 0.7471 0.2454 0.7894 0.8059 0.9956 0.7620 0.8059 0.7363 0.8362 0.8274 0.8230 0.9615 0.9907 0.9527 0.9938 0.8406 0.7223 0.7507 0.7434 0.8101 0.9997 0.9898
 0.3418 0.6897 0.2022 0.2811 0.5855 0.3142 0.3823 0.2605 0.2948 0.2205 0.2068 0.3697 0.7155 0.2281 0.4648 0.9527 0.3228 0.4983 1.0000 0.2780 0.5240 0.2844 0.4034 0.5108 0.2117 0.2261 0.2408 0.2984 0.6228 0.3022 0.2301 0.5379 0.3891 0.2342 0.9155 0.1978 0.3101 0.2053 0.2321 0.4273 0.7434 0.3470 0.3061 0.4451 0.3961 0.2912 0.2242 0.2084 0.1993 0.3579 0.9698 0.3273 0.2749 0.2186 0.3368 0.2878 0.2007 0.6435 0.2689 0.9847 0.2385 0.2718 0.1964 0.6657 0.6035 0.8059 0.7735 0.3320 0.3184 0.2502 0.4189 0.8774 0.1950 0.2527 0.4110 0.2430 0.4754 0.3524 0.2151 0.8059 0.2363 0.8406 0.4547 0.2223 0.2454 0.2101 0.2632 0.2578 0.2552 0.3759 0.4360 0.3637 0.5528 0.2660 0.2037 0.2169 0.2134 0.2477 0.4865 0.5686
 0.9822 0.6693 0.9615 0.9999 0.7735 0.9938 0.9575 0.9983 0.9986 0.9791 0.9666 0.9661 0.6435 0.9847 0.8900 0.3891 0.9907 0.8588 0.2780 1.0000 0.8342 0.9998 0.9421 0.8469 0.9715 0.9833 0.9918 0.9979 0.7363 0.9971 0.9860 0.8205 0.9527 0.9884 0.4360 0.9563 0.9951 0.9649 0.9872 0.9228 0.6156 0.9795 0.9962 0.9076 0.9476 0.9991 0.9819 0.9682 0.9580 0.9733 0.2101 0.9889 0.9999 0.9776 0.9847 0.9995 0.9598 0.7155 0.9996 0.3368 0.9907 0.9998 0.9545 0.6933 0.7555 0.5528 0.5855 0.9869 0.9924 0.9956 0.9297 0.4785 0.9527 0.9963 0.9361 0.9928 0.8803 0.9766 0.9746 0.1280 0.9896 0.5173 0.8991 0.9805 0.9938 0.9698 0.9988 0.9977 0.9971 0.9620 0.9155 0.9698 0.8059 0.9992 0.9632 0.9761 0.9730 0.9947 0.8699 0.7903
 0.9155 0.9500 0.6908 0.8390 0.9925 0.8843 0.9511 0.8059 0.8588 0.7305 0.7012 0.9412 0.9344 0.7461 0.9922 0.6848 0.8946 0.9986 0.5240 0.8342 1.0000 0.8439 0.9654 0.9996 0.7119 0.7421 0.7707 0.8638 0.9812 0.8689 0.7501 0.9996 0.9560 0.7582 0.7434 0.6808 0.8791 0.6977 0.7541 0.9783 0.9155 0.9206 0.8740 0.9858 0.9607 0.8538 0.7382 0.7047 0.6841 0.9310 0.4110 0.8998 0.8294 0.7267 0.9102 0.8488 0.6875 0.9730 0.8199 0.6130 0.7665 0.8246 0.6775 0.9627 0.9876 0.8650 0.8926 0.9050 0.8895 0.7880 0.9742 0.7918 0.6743 0.7924 0.9698 0.7749 0.9948 0.9258 0.7192 0.2605 0.7623 0.8318 0.9892 0.7343 0.7792 0.7083 0.8105 0.8014 0.7969 0.9462 0.9822 0.9361 0.9983 0.8152 0.6943 0.7229 0.7155 0.7836 0.9969 0.9960
 0.9858 0.6803 0.9558 0.9999 0.7841 0.9959 0.9631 0.9969 0.9995 0.9747 0.9612 0.9711 0.6544 0.9809 0.8985 0.3975 0.9933 0.8681 0.2844 0.9998 0.8439 1.0000 0.9485 0.8564 0.9665 0.9794 0.9890 0.9990 0.7471 0.9985 0.9823 0.8305 0.9586 0.9851 0.4451 0.9503 0.9969 0.9594 0.9837 0.9301 0.6265 0.9834 0.9978 0.9155 0.9538 0.9998 0.9779 0.9630 0.9521 0.9778 0.2151 0.9918 0.9995 0.9731 0.9880 0.9999 0.9540 0.7264 0.9987 0.3444 0.9877 0.9992 0.9484 0.7042 0.7662 0.5632 0.5961 0.9900 0.9947 0.9934 0.9367 0.4882 0.9465 0.9944 0.9428 0.9902 0.8891 0.9807 0.9698 0.1312 0.9864 0.5274 0.9073 0.9763 0.9913 0.9647 0.9976 0.9961 0.9953 0.9673 0.9231 0.9746 0.8161 0.9982 0.9576 0.9715 0.9682 0.9924 0.8789 0.8007
 0.9876 0.8462 0.8271 0.9453 0.9281 0.9727 0.9987 0.9222 0.9579 0.8621 0.8364 0.9965 0.8230 0.8752 0.9901 0.5467 0.9781 0.9776 0.4034 0.9421 0.9654 0.9485 1.0000 0.9719 0.8459 0.8719 0.8952 0.9610 0.9011 0.9640 0.8785 0.9578 0.9994 0.8852 0.6035 0.8179 0.9698 0.8333 0.8819 0.9984 0.7969 0.9897 0.9670 0.9953 0.9998 0.9548 0.8686 0.8396 0.8210 0.9935 0.3101 0.9806 0.9388 0.8588 0.9854 0.9517 0.8240 0.8850 0.9322 0.4809 0.8919 0.9355 0.8149 0.8667 0.9155 0.7339 0.7673 0.9831 0.9754 0.9087 0.9993 0.6528 0.8119 0.9121 0.9998 0.8986 0.9866 0.9917 0.8523 0.1923 0.8885 0.6960 0.9930 0.8653 0.9020 0.8428 0.9255 0.9188 0.9155 0.9977 0.9971 0.9951 0.9492 0.9289 0.8302 0.8556 0.8491 0.9053 0.9825 0.9393
 0.9254 0.9416 0.7052 0.8516 0.9888 0.8955 0.9589 0.8192 0.8709 0.7447 0.7155 0.9496 0.9250 0.7602 0.9952 0.6704 0.9055 0.9997 0.5108 0.8469 0.9996 0.8564 0.9719 1.0000 0.7262 0.7562 0.7845 0.8758 0.9757 0.8807 0.7641 0.9985 0.9634 0.7722 0.7292 0.6952 0.8906 0.7121 0.7681 0.9835 0.9050 0.9303 0.8856 0.9900 0.9677 0.8660 0.7523 0.7191 0.6985 0.9401 0.3997 0.9105 0.8422 0.7409 0.9204 0.8612 0.7018 0.9666 0.8329 0.5989 0.7804 0.8375 0.6919 0.9553 0.9831 0.8527 0.8812 0.9155 0.9005 0.8016 0.9798 0.7780 0.6886 0.8059 0.9760 0.7887 0.9972 0.9352 0.7335 0.2527 0.7762 0.8187 0.9928 0.7485 0.7930 0.7226 0.8238 0.8148 0.8103 0.9543 0.9869 0.9449 0.9963 0.8283 0.7086 0.7372 0.7298 0.7972 0.9987 0.9932
 0.9129 0.5447 0.9992 0.9690 0.6471 0.9404 0.8693 0.9834 0.9579 0.9994 0.9998 0.8832 0.5206 0.9979 0.7770 0.3007 0.9320 0.7398 0.2117 0.9715 0.7119 0.9665 0.8459 0.7262 1.0000 0.9983 0.9936 0.9547 0.6094 0.9514 0.9973 0.6969 0.8619 0.9961 0.3393 0.9983 0.9442 0.9996 0.9967 0.8191 0.4950 0.9075 0.9479 0.7990 0.8541 0.9609 0.9987 0.9999 0.9986 0.8959 0.1588 0.9276 0.9738 0.9996 0.9180 0.9637 0.9989 0.5890 0.9780 0.2585 0.9945 0.9759 0.9979 0.5675 0.6287 0.4390 0.4679 0.9229 0.9363 0.9893 0.8285 0.3750 0.9975 0.9880 0.8374 0.9927 0.7652 0.9018 0.9999 0.0960 0.9953 0.4081 0.7883 0.9991 0.9916 1.0000 0.9817 0.9850 0.9866 0.8764 0.8093 0.8897 0.6811 0.9799 0.9994 0.9998 1.0000 0.9905 0.7528 0.6645
 0.9335 0.5737 0.9953 0.9814 0.6775 0.9577 0.8938 0.9922 0.9725 0.9998 0.9970 0.9066 0.5490 1.0000 0.8059 0.3202 0.9505 0.7696 0.2261 0.9833 0.7421 0.9794 0.8719 0.7562 0.9983 1.0000 0.9985 0.9698 0.6395 0.9671 0.9999 0.7272 0.8869 0.9995 0.3608 0.9932 0.9610 0.9964 0.9997 0.8465 0.5227 0.9287 0.9641 0.8272 0.8796 0.9749 1.0000 0.9975 0.9939 0.9182 0.1698 0.9466 0.9851 0.9996 0.9381 0.9772 0.9946 0.6188 0.9883 0.2756 0.9989 0.9867 0.9925 0.5969 0.6590 0.4648 0.4947 0.9425 0.9542 0.9960 0.8554 0.3981 0.9917 0.9952 0.8638 0.9980 0.7944 0.9236 0.9990 0.1028 0.9992 0.4327 0.8168 0.9999 0.9974 0.9979 0.9910 0.9933 0.9943 0.9004 0.8371 0.9126 0.7115 0.9897 0.9959 0.9993 0.9987 0.9968 0.7824 0.6950
 0.9511 0.6021 0.9884 0.9904 0.7067 0.9718 0.9155 0.9976 0.9837 0.9970 0.9912 0.9271 0.5769 0.9989 0.8327 0.3398 0.9657 0.7976 0.2408 0.9918 0.7707 0.9890 0.8952 0.7845 0.9936 0.9985 1.0000 0.9816 0.6686 0.9794 0.9992 0.7560 0.9091 0.9997 0.3823 0.9854 0.9745 0.9903 0.9995 0.8714 0.5500 0.9469 0.9770 0.8531 0.9024 0.9856 0.9980 0.9920 0.9864 0.9376 0.1811 0.9624 0.9930 0.9964 0.9551 0.9873 0.9874 0.6478 0.9952 0.2930 1.0000 0.9942 0.9843 0.6257 0.6882 0.4904 0.5213 0.9589 0.9689 0.9994 0.8798 0.4213 0.9832 0.9991 0.8877 1.0000 0.8217 0.9424 0.9951 0.1099 0.9999 0.4572 0.8432 0.9975 0.9999 0.9929 0.9969 0.9982 0.9987 0.9215 0.8625 0.9325 0.7405 0.9961 0.9894 0.9958 0.9944 0.9997 0.8100 0.7241
 0.9922 0.7034 0.9427 0.9985 0.8059 0.9989 0.9737 0.9925 0.9999 0.9643 0.9488 0.9804 0.6775 0.9716 0.9155 0.4157 0.9974 0.8869 0.2984 0.9979 0.8638 0.9990 0.9610 0.8758 0.9547 0.9698 0.9816 1.0000 0.7696 0.9999 0.9734 0.8510 0.9698 0.9768 0.4648 0.9365 0.9994 0.9467 0.9751 0.9446 0.6494 0.9903 0.9997 0.9312 0.9656 0.9998 0.9680 0.9508 0.9385 0.9859 0.2261 0.9964 0.9972 0.9625 0.9938 0.9995 0.9406 0.7493 0.9956 0.3608 0.9801 0.9964 0.9344 0.7272 0.7885 0.5855 0.6188 0.9952 0.9982 0.9875 0.9505 0.5089 0.9323 0.9888 0.9560 0.9832 0.9066 0.9883 0.9586 0.1381 0.9784 0.5490 0.9236 0.9662 0.9847 0.9527 0.9936 0.9913 0.9901 0.9772 0.9381 0.9833 0.8371 0.9946 0.9447 0.9606 0.9567 0.9861 0.8971 0.8221
 0.8318 0.9920 0.5888 0.7416 0.9974 0.7935 0.8798 0.7056 0.7639 0.6278 0.5989 0.8657 0.9847 0.6435 0.9505 0.7862 0.8059 0.9698 0.6228 0.7363 0.9812 0.7471 0.9011 0.9757 0.6094 0.6395 0.6686 0.7696 1.0000 0.7755 0.6475 0.9863 0.8869 0.6558 0.8406 0.5790 0.7874 0.5955 0.6516 0.9226 0.9742 0.8384 0.7814 0.9367 0.8940 0.7582 0.6356 0.6023 0.5822 0.8519 0.4983 0.8123 0.7310 0.6240 0.8252 0.7526 0.5855 0.9992 0.7206 0.7155 0.6643 0.7257 0.5759 0.9967 0.9993 0.9406 0.9598 0.8187 0.7997 0.6866 0.9155 0.8828 0.5727 0.6913 0.9083 0.6730 0.9572 0.8451 0.6166 0.3228 0.6600 0.9155 0.9437 0.6317 0.6775 0.6058 0.7105 0.7008 0.6960 0.8727 0.9297 0.8588 0.9907 0.7155 0.5921 0.6203 0.6130 0.6820 0.9636 0.9945
 0.9935 0.7094 0.9390 0.9978 0.8116 0.9994 0.9762 0.9910 0.9997 0.9613 0.9452 0.9826 0.6835 0.9689 0.9197 0.4206 0.9982 0.8916 0.3022 0.9971 0.8689 0.9985 0.9640 0.8807 0.9514 0.9671 0.9794 0.9999 0.7755 1.0000 0.9708 0.8562 0.9725 0.9743 0.4700 0.9326 0.9997 0.9432 0.9726 0.9481 0.6554 0.9919 0.9999 0.9350 0.9685 0.9994 0.9652 0.9473 0.9347 0.9878 0.2291 0.9973 0.9963 0.9594 0.9950 0.9990 0.9369 0.7552 0.9944 0.3652 0.9778 0.9954 0.9305 0.7332 0.7942 0.5914 0.6248 0.9962 0.9988 0.9856 0.9539 0.5145 0.9284 0.9871 0.9592 0.9810 0.9110 0.9899 0.9554 0.1400 0.9761 0.5547 0.9277 0.9633 0.9826 0.9494 0.9922 0.9898 0.9885 0.9796 0.9418 0.9853 0.8424 0.9934 0.9411 0.9574 0.9534 0.9842 0.9017 0.8276
 0.9386 0.5815 0.9937 0.9842 0.6856 0.9619 0.9000 0.9940 0.9758 0.9993 0.9957 0.9125 0.5567 1.0000 0.8134 0.3255 0.9550 0.7774 0.2301 0.9860 0.7501 0.9823 0.8785 0.7641 0.9973 0.9999 0.9992 0.9734 0.6475 0.9708 1.0000 0.7352 0.8932 0.9999 0.3666 0.9913 0.9650 0.9950 1.0000 0.8535 0.5302 0.9340 0.9680 0.8345 0.8861 0.9782 0.9997 0.9963 0.9921 0.9238 0.1729 0.9512 0.9876 0.9990 0.9431 0.9803 0.9929 0.6268 0.9905 0.2803 0.9995 0.9891 0.9905 0.6048 0.6671 0.4718 0.5020 0.9473 0.9585 0.9973 0.8623 0.4044 0.9897 0.9966 0.8706 0.9988 0.8021 0.9290 0.9983 0.1047 0.9997 0.4393 0.8242 0.9995 0.9984 0.9968 0.9929 0.9949 0.9958 0.9064 0.8442 0.9183 0.7196 0.9917 0.9944 0.9986 0.9978 0.9979 0.7901 0.7031
 0.9045 0.9582 0.6758 0.8255 0.9956 0.8721 0.9424 0.7918 0.8458 0.7155 0.6862 0.9317 0.9437 0.7312 0.9883 0.6998 0.8828 0.9967 0.5379 0.8205 0.9996 0.8305 0.9578 0.9985 0.6969 0.7272 0.7560 0.8510 0.9863 0.8562 0.7352 1.0000 0.9476 0.7434 0.7582 0.6657 0.8667 0.6827 0.7393 0.9721 0.9258 0.9100 0.8614 0.9807 0.9527 0.8406 0.7233 0.6897 0.6691 0.9209 0.4230 0.8882 0.8156 0.7117 0.8991 0.8356 0.6724 0.9791 0.8059 0.6278 0.7518 0.8107 0.6625 0.9698 0.9917 0.8774 0.9040 0.8936 0.8774 0.7735 0.9675 0.8059 0.6592 0.7780 0.9627 0.7603 0.9915 0.9155 0.7042 0.2689 0.7476 0.8451 0.9847 0.7194 0.7647 0.6933 0.7964 0.7871 0.7825 0.9371 0.9766 0.9263 0.9996 0.8012 0.6792 0.7080 0.7005 0.7691 0.9943 0.9981
 0.9925 0.8297 0.8436 0.9557 0.9155 0.9801 0.9999 0.9344 0.9671 0.8774 0.8527 0.9988 0.8059 0.8900 0.9847 0.5294 0.9847 0.9698 0.3891 0.9527 0.9560 0.9586 0.9994 0.9634 0.8619 0.8869 0.9091 0.9698 0.8869 0.9725 0.8932 0.9476 1.0000 0.8995 0.5855 0.8347 0.9776 0.8497 0.8964 0.9958 0.7792 0.9941 0.9751 0.9913 0.9999 0.9643 0.8837 0.8558 0.8377 0.9968 0.2984 0.9868 0.9498 0.8743 0.9907 0.9615 0.8406 0.8699 0.9437 0.4648 0.9059 0.9467 0.8318 0.8510 0.9020 0.7155 0.7493 0.9888 0.9824 0.9218 0.9974 0.6344 0.8288 0.9250 0.9986 0.9123 0.9804 0.9956 0.8681 0.1847 0.9027 0.6775 0.9883 0.8806 0.9155 0.8588 0.9375 0.9313 0.9281 0.9995 0.9938 0.9979 0.9381 0.9406 0.8466 0.8712 0.8650 0.9186 0.9755 0.9275
 0.9437 0.5895 0.9918 0.9868 0.6939 0.9659 0.9062 0.9956 0.9791 0.9986 0.9941 0.9184 0.5646 0.9997 0.8211 0.3311 0.9594 0.7854 0.2342 0.9884 0.7582 0.9851 0.8852 0.7722 0.9961 0.9995 0.9997 0.9768 0.6558 0.9743 0.9999 0.7434 0.8995 1.0000 0.3727 0.9892 0.9689 0.9933 1.0000 0.8606 0.5379 0.9392 0.9717 0.8419 0.8926 0.9812 0.9993 0.9948 0.9901 0.9293 0.1761 0.9558 0.9899 0.9982 0.9479 0.9832 0.9909 0.6350 0.9925 0.2853 0.9999 0.9913 0.9883 0.6130 0.6754 0.4790 0.5095 0.9520 0.9627 0.9983 0.8692 0.4110 0.9873 0.9977 0.8774 0.9995 0.8098 0.9344 0.9972 0.1067 1.0000 0.4463 0.8318 0.9989 0.9992 0.9955 0.9946 0.9964 0.9971 0.9124 0.8515 0.9240 0.7278 0.9936 0.9926 0.9977 0.9967 0.9988 0.7979 0.7113
 0.5240 0.8964 0.3251 0.4405 0.8059 0.4865 0.5769 0.4110 0.4597 0.3524 0.3320 0.5606 0.9155 0.3637 0.6775 0.9938 0.4983 0.7155 0.9155 0.4360 0.7434 0.4451 0.6035 0.7292 0.3393 0.3608 0.3823 0.4648 0.8406 0.4700 0.3666 0.7582 0.5855 0.3727 1.0000 0.3184 0.4809 0.3297 0.3697 0.6330 0.9344 0.5308 0.4754 0.6544 0.5943 0.4547 0.3579 0.3344 0.3206 0.5453 0.8059 0.5044 0.4316 0.3497 0.5173 0.4498 0.3228 0.8588 0.4230 0.9698 0.3791 0.4273 0.3163 0.8774 0.8230 0.9698 0.9527 0.5108 0.4923 0.3961 0.6228 0.9956 0.3142 0.3997 0.6130 0.3857 0.6897 0.5379 0.3444 0.5855 0.3759 0.9847 0.6657 0.3551 0.3891 0.3368 0.4149 0.4071 0.4034 0.5686 0.6435 0.5528 0.7735 0.4189 0.3273 0.3470 0.3418 0.3925 0.7024 0.7894
 0.8895 0.5157 0.9998 0.9534 0.6162 0.9200 0.8426 0.9713 0.9402 0.9956 0.9993 0.8574 0.4923 0.9923 0.7467 0.2818 0.9107 0.7089 0.1978 0.9563 0.6808 0.9503 0.8179 0.6952 0.9983 0.9932 0.9854 0.9365 0.5790 0.9326 0.9913 0.6657 0.8347 0.9892 0.3184 1.0000 0.9244 0.9995 0.9903 0.7900 0.4676 0.8836 0.9286 0.7692 0.8265 0.9437 0.9941 0.9990 1.0000 0.8710 0.1482 0.9057 0.9591 0.9962 0.8951 0.9471 0.9999 0.5590 0.9643 0.2419 0.9867 0.9618 1.0000 0.5379 0.5981 0.4136 0.4414 0.9005 0.9155 0.9791 0.7997 0.3524 0.9999 0.9773 0.8090 0.9839 0.7346 0.8774 0.9973 0.0894 0.9880 0.3840 0.7582 0.9948 0.9824 0.9986 0.9691 0.9734 0.9754 0.8501 0.7798 0.8644 0.6500 0.9668 0.9997 0.9968 0.9978 0.9808 0.7220 0.6335
 0.9959 0.7218 0.9311 0.9960 0.8230 0.9999 0.9810 0.9876 0.9989 0.9548 0.9377 0.9866 0.6960 0.9630 0.9281 0.4307 0.9993 0.9011 0.3101 0.9951 0.8791 0.9969 0.9698 0.8906 0.9442 0.9610 0.9745 0.9994 0.7874 0.9997 0.9650 0.8667 0.9776 0.9689 0.4809 0.9244 1.0000 0.9355 0.9670 0.9550 0.6679 0.9946 0.9999 0.9427 0.9739 0.9984 0.9590 0.9399 0.9266 0.9911 0.2353 0.9988 0.9940 0.9527 0.9971 0.9977 0.9289 0.7673 0.9917 0.3743 0.9727 0.9929 0.9222 0.7455 0.8059 0.6035 0.6371 0.9980 0.9997 0.9814 0.9604 0.5259 0.9199 0.9831 0.9654 0.9763 0.9198 0.9930 0.9485 0.1440 0.9708 0.5666 0.9357 0.9569 0.9781 0.9421 0.9891 0.9862 0.9847 0.9840 0.9492 0.9890 0.8533 0.9904 0.9333 0.9506 0.9464 0.9798 0.9109 0.8388
 0.9024 0.5314 0.9999 0.9622 0.6330 0.9314 0.8573 0.9783 0.9501 0.9981 1.0000 0.8717 0.5076 0.9958 0.7632 0.2919 0.9226 0.7257 0.2053 0.9649 0.6977 0.9594 0.8333 0.7121 0.9996 0.9964 0.9903 0.9467 0.5955 0.9432 0.9950 0.6827 0.8497 0.9933 0.3297 0.9995 0.9355 1.0000 0.9942 0.8059 0.4824 0.8968 0.9394 0.7855 0.8417 0.9534 0.9970 0.9999 0.9997 0.8848 0.1538 0.9179 0.9674 0.9985 0.9078 0.9565 0.9998 0.5752 0.9721 0.2508 0.9914 0.9698 0.9993 0.5539 0.6147 0.4273 0.4557 0.9130 0.9271 0.9850 0.8155 0.3645 0.9990 0.9835 0.8246 0.9891 0.7513 0.8909 0.9992 0.0929 0.9924 0.3970 0.7746 0.9976 0.9878 0.9998 0.9764 0.9801 0.9819 0.8646 0.7960 0.8784 0.6669 0.9743 1.0000 0.9989 0.9994 0.9865 0.7388 0.6503
 0.9412 0.5855 0.9927 0.9855 0.6897 0.9639 0.9031 0.9948 0.9775 0.9990 0.9949 0.9155 0.5606 0.9999 0.8172 0.3283 0.9572 0.7814 0.2321 0.9872 0.7541 0.9837 0.8819 0.7681 0.9967 0.9997 0.9995 0.9751 0.6516 0.9726 1.0000 0.7393 0.8964 1.0000 0.3697 0.9903 0.9670 0.9942 1.0000 0.8570 0.5340 0.9366 0.9698 0.8382 0.8893 0.9797 0.9995 0.9956 0.9911 0.9266 0.1745 0.9535 0.9888 0.9986 0.9455 0.9818 0.9920 0.6309 0.9915 0.2828 0.9997 0.9902 0.9894 0.6089 0.6712 0.4754 0.5057 0.9496 0.9606 0.9978 0.8657 0.4077 0.9885 0.9972 0.8740 0.9992 0.8059 0.9317 0.9978 0.1057 0.9999 0.4428 0.8280 0.9993 0.9988 0.9962 0.9938 0.9957 0.9965 0.9094 0.8479 0.9212 0.7237 0.9927 0.9935 0.9982 0.9973 0.9983 0.7940 0.7072
 0.9774 0.8717 0.7995 0.9265 0.9467 0.9584 0.9942 0.9007 0.9410 0.8360 0.8092 0.9902 0.8497 0.8500 0.9964 0.5752 0.9651 0.9878 0.4273 0.9228 0.9783 0.9301 0.9984 0.9835 0.8191 0.8465 0.8714 0.9446 0.9226 0.9481 0.8535 0.9721 0.9958 0.8606 0.6330 0.7900 0.9550 0.8059 0.8570 1.0000 0.8246 0.9802 0.9516 0.9992 0.9972 0.9374 0.8430 0.8125 0.7931 0.9855 0.3297 0.9683 0.9191 0.8326 0.9744 0.9338 0.7963 0.9078 0.9118 0.5076 0.8678 0.9155 0.7868 0.8909 0.9355 0.7632 0.7960 0.9714 0.9618 0.8859 0.9998 0.6827 0.7837 0.8896 0.9993 0.8750 0.9942 0.9829 0.8258 0.2053 0.8642 0.7257 0.9981 0.8395 0.8786 0.8158 0.9044 0.8970 0.8933 0.9923 0.9998 0.9879 0.9649 0.9081 0.8027 0.8292 0.8224 0.8823 0.9914 0.9565
 0.7155 0.9948 0.4763 0.6210 0.9560 0.6743 0.7707 0.5855 0.6435 0.5119 0.4855 0.7541 0.9986 0.5264 0.8638 0.8926 0.6875 0.8946 0.7434 0.6156 0.9155 0.6265 0.7969 0.9050 0.4950 0.5227 0.5500 0.6494 0.9742 0.6554 0.5302 0.9258 0.7792 0.5379 0.9344 0.4676 0.6679 0.4824 0.5340 0.8246 1.0000 0.7229 0.6616 0.8439 0.7880 0.6377 0.5191 0.4886 0.4705 0.7382 0.6130 0.6943 0.6104 0.5084 0.7083 0.6320 0.4734 0.9822 0.6001 0.8318 0.5459 0.6052 0.4648 0.9892 0.9654 0.9925 0.9983 0.7012 0.6808 0.5671 0.8152 0.9627 0.4620 0.5716 0.8059 0.5542 0.8740 0.7305 0.5016 0.4110 0.5419 0.9812 0.8538 0.5155 0.5584 0.4918 0.5903 0.5808 0.5761 0.7623 0.8342 0.7461 0.9361 0.5952 0.4793 0.5050 0.4983 0.5627 0.8843 0.9462
 0.9999 0.7759 0.8915 0.9815 0.8712 0.9957 0.9958 0.9664 0.9887 0.9208 0.8995 0.9982 0.7507 0.9313 0.9606 0.4775 0.9977 0.9391 0.3470 0.9795 0.9206 0.9834 0.9897 0.9303 0.9075 0.9287 0.9469 0.9903 0.8384 0.9919 0.9340 0.9100 0.9941 0.9392 0.5308 0.8836 0.9946 0.8968 0.9366 0.9802 0.7229 1.0000 0.9933 0.9715 0.9921 0.9870 0.9261 0.9021 0.8862 0.9996 0.2646 0.9985 0.9774 0.9181 0.9996 0.9853 0.8888 0.8195 0.9732 0.4169 0.9443 0.9753 0.8809 0.7988 0.8556 0.6581 0.6922 0.9991 0.9968 0.9569 0.9838 0.5781 0.8783 0.9593 0.9870 0.9494 0.9541 0.9999 0.9128 0.1627 0.9418 0.6203 0.9663 0.9234 0.9519 0.9048 0.9687 0.9641 0.9617 0.9971 0.9761 0.9990 0.8983 0.9710 0.8942 0.9155 0.9101 0.9544 0.9470 0.8854
 0.9948 0.7155 0.9351 0.9970 0.8172 0.9997 0.9786 0.9894 0.9994 0.9582 0.9416 0.9847 0.6897 0.9661 0.9239 0.4256 0.9988 0.8964 0.3061 0.9962 0.8740 0.9978 0.9670 0.8856 0.9479 0.9641 0.9770 0.9997 0.7814 0.9999 0.9680 0.8614 0.9751 0.9717 0.4754 0.9286 0.9999 0.9394 0.9698 0.9516 0.6616 0.9933 1.0000 0.9389 0.9712 0.9990 0.9622 0.9437 0.9308 0.9895 0.2321 0.9981 0.9952 0.9562 0.9961 0.9984 0.9329 0.7612 0.9931 0.3697 0.9753 0.9942 0.9264 0.7393 0.8000 0.5974 0.6309 0.9972 0.9993 0.9836 0.9572 0.5201 0.9242 0.9852 0.9623 0.9788 0.9155 0.9915 0.9521 0.1419 0.9735 0.5606 0.9317 0.9602 0.9804 0.9458 0.9907 0.9881 0.9866 0.9818 0.9455 0.9872 0.8479 0.9920 0.9373 0.9541 0.9500 0.9820 0.9063 0.8332
 0.9682 0.8891 0.7789 0.9115 0.9586 0.9465 0.9890 0.8839 0.9272 0.8165 0.7889 0.9837 0.8681 0.8308 0.9990 0.5961 0.9540 0.9933 0.4451 0.9076 0.9858 0.9155 0.9953 0.9900 0.7990 0.8272 0.8531 0.9312 0.9367 0.9350 0.8345 0.9807 0.9913 0.8419 0.6544 0.7692 0.9427 0.7855 0.8382 0.9992 0.8439 0.9715 0.9389 1.0000 0.9934 0.9233 0.8236 0.7922 0.7724 0.9779 0.3444 0.9576 0.9036 0.8129 0.9647 0.9194 0.7757 0.9231 0.8957 0.5274 0.8494 0.8997 0.7660 0.9073 0.9485 0.7841 0.8161 0.9612 0.9503 0.8684 0.9982 0.7042 0.7629 0.8723 0.9969 0.8569 0.9978 0.9747 0.8059 0.2151 0.8456 0.7471 0.9998 0.8200 0.8607 0.7956 0.8878 0.8800 0.8761 0.9864 0.9998 0.9809 0.9746 0.8918 0.7822 0.8094 0.8025 0.8645 0.9959 0.9673
 0.9903 0.8379 0.8356 0.9507 0.9218 0.9766 0.9994 0.9285 0.9627 0.8699 0.8448 0.9978 0.8144 0.8828 0.9875 0.5379 0.9815 0.9738 0.3961 0.9476 0.9607 0.9538 0.9998 0.9677 0.8541 0.8796 0.9024 0.9656 0.8940 0.9685 0.8861 0.9527 0.9999 0.8926 0.5943 0.8265 0.9739 0.8417 0.8893 0.9972 0.7880 0.9921 0.9712 0.9934 1.0000 0.9598 0.8764 0.8479 0.8295 0.9953 0.3041 0.9839 0.9445 0.8667 0.9883 0.9568 0.8325 0.8774 0.9381 0.4727 0.8991 0.9413 0.8235 0.8588 0.9087 0.7246 0.7582 0.9861 0.9791 0.9155 0.9985 0.6435 0.8205 0.9187 0.9994 0.9056 0.9836 0.9938 0.8604 0.1884 0.8958 0.6866 0.9907 0.8731 0.9089 0.8510 0.9317 0.9252 0.9220 0.9987 0.9956 0.9967 0.9437 0.9349 0.8386 0.8636 0.8572 0.9122 0.9791 0.9334
 0.9892 0.6916 0.9495 0.9995 0.7949 0.9976 0.9685 0.9950 0.9999 0.9698 0.9553 0.9759 0.6657 0.9766 0.9070 0.4064 0.9956 0.8774 0.2912 0.9991 0.8538 0.9998 0.9548 0.8660 0.9609 0.9749 0.9856 0.9998 0.7582 0.9994 0.9782 0.8406 0.9643 0.9812 0.4547 0.9437 0.9984 0.9534 0.9797 0.9374 0.6377 0.9870 0.9990 0.9233 0.9598 1.0000 0.9733 0.9572 0.9456 0.9820 0.2205 0.9943 0.9986 0.9681 0.9911 0.9999 0.9476 0.7377 0.9974 0.3524 0.9842 0.9981 0.9417 0.7155 0.7772 0.5741 0.6073 0.9928 0.9967 0.9907 0.9437 0.4983 0.9397 0.9919 0.9495 0.9869 0.8978 0.9847 0.9645 0.1345 0.9827 0.5379 0.9155 0.9716 0.9883 0.9590 0.9958 0.9940 0.9930 0.9724 0.9306 0.9791 0.8265 0.9967 0.9515 0.9663 0.9627 0.9895 0.8880 0.8113
 0.9310 0.5699 0.9960 0.9800 0.6735 0.9556 0.8907 0.9912 0.9707 0.9999 0.9975 0.9037 0.5453 0.9999 0.8022 0.3176 0.9482 0.7658 0.2242 0.9819 0.7382 0.9779 0.8686 0.7523 0.9987 1.0000 0.9980 0.9680 0.6356 0.9652 0.9997 0.7233 0.8837 0.9993 0.3579 0.9941 0.9590 0.9970 0.9995 0.8430 0.5191 0.9261 0.9622 0.8236 0.8764 0.9733 1.0000 0.9980 0.9947 0.9155 0.1684 0.9443 0.9838 0.9998 0.9356 0.9756 0.9954 0.6149 0.9871 0.2733 0.9985 0.9855 0.9934 0.5931 0.6551 0.4613 0.4912 0.9401 0.9520 0.9953 0.8519 0.3950 0.9927 0.9944 0.8605 0.9975 0.7907 0.9209 0.9993 0.1019 0.9989 0.4294 0.8132 1.0000 0.9968 0.9984 0.9900 0.9924 0.9935 0.8974 0.8335 0.9097 0.7076 0.9886 0.9965 0.9996 0.9991 0.9961 0.7785 0.6910
 0.9076 0.5379 0.9997 0.9657 0.6399 0.9359 0.8633 0.9809 0.9540 0.9988 1.0000 0.8774 0.5140 0.9969 0.7701 0.2962 0.9273 0.7327 0.2084 0.9682 0.7047 0.9630 0.8396 0.7191 0.9999 0.9975 0.9920 0.9508 0.6023 0.9473 0.9963 0.6897 0.8558 0.9948 0.3344 0.9990 0.9399 0.9999 0.9956 0.8125 0.4886 0.9021 0.9437 0.7922 0.8479 0.9572 0.9980 1.0000 0.9992 0.8903 0.1563 0.9227 0.9706 0.9991 0.9129 0.9602 0.9995 0.5820 0.9751 0.2546 0.9930 0.9729 0.9987 0.5606 0.6216 0.4330 0.4617 0.9179 0.9317 0.9872 0.8219 0.3697 0.9983 0.9858 0.8310 0.9910 0.7582 0.8964 0.9996 0.0944 0.9939 0.4024 0.7814 0.9984 0.9898 1.0000 0.9791 0.9826 0.9843 0.8705 0.8026 0.8840 0.6739 0.9772 0.9998 0.9994 0.9998 0.9885 0.7458 0.6574
 0.8920 0.5188 0.9999 0.9552 0.6195 0.9223 0.8455 0.9727 0.9422 0.9961 0.9995 0.8602 0.4953 0.9931 0.7499 0.2838 0.9131 0.7122 0.1993 0.9580 0.6841 0.9521 0.8210 0.6985 0.9986 0.9939 0.9864 0.9385 0.5822 0.9347 0.9921 0.6691 0.8377 0.9901 0.3206 1.0000 0.9266 0.9997 0.9911 0.7931 0.4705 0.8862 0.9308 0.7724 0.8295 0.9456 0.9947 0.9992 1.0000 0.8738 0.1493 0.9081 0.9608 0.9967 0.8976 0.9490 1.0000 0.5622 0.9659 0.2436 0.9877 0.9634 0.9999 0.5410 0.6013 0.4162 0.4442 0.9030 0.9178 0.9803 0.8028 0.3547 0.9998 0.9786 0.8121 0.9850 0.7379 0.8801 0.9978 0.0901 0.9889 0.3865 0.7614 0.9955 0.9835 0.9989 0.9706 0.9748 0.9767 0.8530 0.7830 0.8671 0.6533 0.9683 0.9998 0.9973 0.9982 0.9820 0.7253 0.6368
 0.9991 0.7907 0.8793 0.9756 0.8837 0.9927 0.9980 0.9588 0.9840 0.9099 0.8876 0.9995 0.7658 0.9210 0.9680 0.4912 0.9954 0.9482 0.3579 0.9733 0.9310 0.9778 0.9935 0.9401 0.8959 0.9182 0.9376 0.9859 0.8519 0.9878 0.9238 0.9209 0.9968 0.9293 0.5453 0.8710 0.9911 0.8848 0.9266 0.9855 0.7382 0.9996 0.9895 0.9779 0.9953 0.9820 0.9155 0.8903 0.8738 1.0000 0.2733 0.9965 0.9710 0.9071 0.9984 0.9799 0.8765 0.8335 0.9662 0.4294 0.9348 0.9687 0.8683 0.8132 0.8686 0.6735 0.7076 0.9975 0.9941 0.9484 0.9886 0.5931 0.8656 0.9510 0.9912 0.9403 0.9622 0.9999 0.9015 0.1684 0.9321 0.6356 0.9733 0.9127 0.9430 0.8931 0.9613 0.9562 0.9536 0.9989 0.9819 0.9999 0.9097 0.9638 0.8820 0.9043 0.8987 0.9457 0.9556 0.8974
 0.2605 0.5606 0.1515 0.2126 0.4648 0.2385 0.2930 0.1964 0.2232 0.1655 0.1550 0.2828 0.5855 0.1714 0.3608 0.8588 0.2454 0.3891 0.9698 0.2101 0.4110 0.2151 0.3101 0.3997 0.1588 0.1698 0.1811 0.2261 0.4983 0.2291 0.1729 0.4230 0.2984 0.1761 0.8059 0.1482 0.2353 0.1538 0.1745 0.3297 0.6130 0.2646 0.2321 0.3444 0.3041 0.2205 0.1684 0.1563 0.1493 0.2733 1.0000 0.2489 0.2076 0.1641 0.2565 0.2177 0.1504 0.5173 0.2030 0.9155 0.1794 0.2053 0.1471 0.5379 0.4809 0.6775 0.6435 0.2527 0.2419 0.1884 0.3228 0.7582 0.1460 0.1904 0.3163 0.1829 0.3697 0.2689 0.1614 0.9155 0.1777 0.7155 0.3524 0.1669 0.1847 0.1575 0.1986 0.1944 0.1923 0.2878 0.3368 0.2780 0.4360 0.2007 0.1527 0.1627 0.1601 0.1865 0.3791 0.4498
 0.9992 0.7479 0.9130 0.9904 0.8466 0.9993 0.9894 0.9787 0.9954 0.9396 0.9203 0.9935 0.7223 0.9489 0.9447 0.4527 0.9999 0.9202 0.3273 0.9889 0.8998 0.9918 0.9806 0.9105 0.9276 0.9466 0.9624 0.9964 0.8123 0.9973 0.9512 0.8882 0.9868 0.9558 0.5044 0.9057 0.9988 0.9179 0.9535 0.9683 0.6943 0.9985 0.9981 0.9576 0.9839 0.9943 0.9443 0.9227 0.9081 0.9965 0.2489 1.0000 0.9874 0.9372 0.9996 0.9931 0.9106 0.7927 0.9841 0.3943 0.9602 0.9858 0.9033 0.7713 0.8302 0.6295 0.6634 0.9999 0.9997 0.9709 0.9728 0.5506 0.9008 0.9729 0.9769 0.9646 0.9373 0.9976 0.9324 0.1527 0.9580 0.5921 0.9515 0.9419 0.9667 0.9252 0.9806 0.9768 0.9749 0.9916 0.9632 0.9951 0.8755 0.9824 0.9155 0.9348 0.9300 0.9688 0.9291 0.8617
 0.9803 0.6640 0.9642 0.9998 0.7683 0.9926 0.9547 0.9988 0.9980 0.9811 0.9690 0.9635 0.6382 0.9864 0.8858 0.3850 0.9893 0.8542 0.2749 0.9999 0.8294 0.9995 0.9388 0.8422 0.9738 0.9851 0.9930 0.9972 0.7310 0.9963 0.9876 0.8156 0.9498 0.9899 0.4316 0.9591 0.9940 0.9674 0.9888 0.9191 0.6104 0.9774 0.9952 0.9036 0.9445 0.9986 0.9838 0.9706 0.9608 0.9710 0.2076 0.9874 1.0000 0.9797 0.9829 0.9991 0.9625 0.7102 0.9998 0.3332 0.9920 1.0000 0.9574 0.6879 0.7503 0.5477 0.5803 0.9852 0.9911 0.9965 0.9261 0.4738 0.9557 0.9972 0.9327 0.9940 0.8760 0.9744 0.9768 0.1265 0.9910 0.5124 0.8950 0.9824 0.9949 0.9722 0.9992 0.9984 0.9978 0.9592 0.9116 0.9674 0.8009 0.9996 0.9658 0.9782 0.9753 0.9957 0.8655 0.7852
 0.9232 0.5588 0.9977 0.9754 0.6619 0.9492 0.8815 0.9881 0.9654 1.0000 0.9988 0.8949 0.5344 0.9993 0.7912 0.3101 0.9414 0.7544 0.2186 0.9776 0.7267 0.9731 0.8588 0.7409 0.9996 0.9996 0.9964 0.9625 0.6240 0.9594 0.9990 0.7117 0.8743 0.9982 0.3497 0.9962 0.9527 0.9985 0.9986 0.8326 0.5084 0.9181 0.9562 0.8129 0.8667 0.9681 0.9998 0.9991 0.9967 0.9071 0.1641 0.9372 0.9797 1.0000 0.9281 0.9707 0.9972 0.6035 0.9834 0.2667 0.9971 0.9816 0.9957 0.5818 0.6435 0.4514 0.4809 0.9328 0.9454 0.9930 0.8418 0.3861 0.9951 0.9919 0.8505 0.9957 0.7796 0.9127 0.9999 0.0993 0.9977 0.4200 0.8023 0.9999 0.9949 0.9994 0.9866 0.9895 0.9907 0.8884 0.8230 0.9011 0.6960 0.9851 0.9981 1.0000 0.9998 0.9940 0.7673 0.6794
 0.9999 0.7617 0.9027 0.9864 0.8588 0.9979 0.9929 0.9730 0.9925 0.9306 0.9104 0.9962 0.7363 0.9406 0.9527 0.4648 0.9992 0.9297 0.3368 0.9847 0.9102 0.9880 0.9854 0.9204 0.9180 0.9381 0.9551 0.9938 0.8252 0.9950 0.9431 0.8991 0.9907 0.9479 0.5173 0.8951 0.9971 0.9078 0.9455 0.9744 0.7083 0.9996 0.9961 0.9647 0.9883 0.9911 0.9356 0.9129 0.8976 0.9984 0.2565 0.9996 0.9829 0.9281 1.0000 0.9896 0.9002 0.8059 0.9791 0.4052 0.9527 0.9810 0.8926 0.7848 0.8428 0.6435 0.6775 0.9999 0.9986 0.9643 0.9785 0.5640 0.8900 0.9666 0.9822 0.9575 0.9458 0.9991 0.9231 0.1575 0.9504 0.6058 0.9590 0.9331 0.9598 0.9155 0.9751 0.9709 0.9688 0.9947 0.9698 0.9974 0.8869 0.9771 0.9053 0.9256 0.9205 0.9621 0.9381 0.8735
