 ------DADOS DO INPUT------
Número atômico:  2
 Carga:            0
 Numero de Eletrons:            2
 Camada Aberta?  F
Número de bases:    6
 BASE: 
   1.1627
  65.9846
  12.0982
   3.3846
   0.4515
   0.1860
 --------------------------

 ------OVERLAP MATRIX------
    1.0000    0.1333    0.4254    0.8150    0.8506    0.5726
    0.1333    1.0000    0.6157    0.2828    0.0666    0.0345
    0.4254    0.6157    1.0000    0.7515    0.2273    0.1207
    0.8150    0.2828    0.7515    1.0000    0.5174    0.2962
    0.8506    0.0666    0.2273    0.5174    1.0000    0.8668
    0.5726    0.0345    0.1207    0.2962    0.8668    1.0000
 --------------------------

 ------TRANSFERENCE MATRIX------
   -5.1795    0.4858   -0.9536    0.3240   -0.1108    0.2752
    0.3417   -0.5996   -0.8076   -0.7806    0.4488    0.1089
   -1.3330    1.6473    1.1196    0.0835    0.4254    0.1968
    3.2453   -2.0905    0.0509    0.5759    0.1732    0.2556
    4.9863    1.7132   -0.2710   -0.2073   -0.2957    0.2559
   -2.2005   -1.4353    0.9020   -0.5548   -0.3419    0.2067
 --------------------------

 ------KINETIC MATRIX------
    1.7441    0.4568    1.3539    2.1159    0.8299    0.2754
    0.4568   98.9769   18.8827    2.7316    0.0896    0.0192
    1.3539   18.8827   18.1473    5.9628    0.2968    0.0663
    2.1159    2.7316    5.9628    5.0770    0.6184    0.1567
    0.8299    0.0896    0.2968    0.6184    0.6773    0.3425
    0.2754    0.0192    0.0663    0.1567    0.3425    0.2789
 --------------------------

 ------POTENTIAL MATRIX------
   -3.4414   -2.4643   -3.4962   -3.9220   -2.4388   -1.5007
   -2.4643  -25.9251  -12.2771   -5.3159   -1.2252   -0.6324
   -3.4962  -12.2771  -11.1010   -6.6735   -1.8174   -0.9545
   -3.9220   -5.3159   -6.6735   -5.8716   -2.2870   -1.2632
   -2.4388   -1.2252   -1.8174   -2.2870   -2.1446   -1.5618
   -1.5007   -0.6324   -0.9545   -1.2632   -1.5618   -1.3763
 --------------------------

 ------H_CORE MATRIX------
   -1.6973   -2.0075   -2.1424   -1.8061   -1.6089   -1.2253
   -2.0075   73.0517    6.6055   -2.5843   -1.1356   -0.6133
   -2.1424    6.6055    7.0463   -0.7107   -1.5205   -0.8882
   -1.8061   -2.5843   -0.7107   -0.7946   -1.6687   -1.1066
   -1.6089   -1.1356   -1.5205   -1.6687   -1.4673   -1.2193
   -1.2253   -0.6133   -0.8882   -1.1066   -1.2193   -1.0973
 --------------------------

 ------DENSITY MATRIX------
    0.0000    0.0000    0.0000    0.0000    0.0000    0.0000
    0.0000    0.0000    0.0000    0.0000    0.0000    0.0000
    0.0000    0.0000    0.0000    0.0000    0.0000    0.0000
    0.0000    0.0000    0.0000    0.0000    0.0000    0.0000
    0.0000    0.0000    0.0000    0.0000    0.0000    0.0000
    0.0000    0.0000    0.0000    0.0000    0.0000    0.0000
 --------------------------

 ------JMAT------
    0.0000    0.0000    0.0000    0.0000    0.0000    0.0000
    0.0000    0.0000    0.0000    0.0000    0.0000    0.0000
    0.0000    0.0000    0.0000    0.0000    0.0000    0.0000
    0.0000    0.0000    0.0000    0.0000    0.0000    0.0000
    0.0000    0.0000    0.0000    0.0000    0.0000    0.0000
    0.0000    0.0000    0.0000    0.0000    0.0000    0.0000
 --------------------------

 ------KMAT------
    0.0000    0.0000    0.0000    0.0000    0.0000    0.0000
    0.0000    0.0000    0.0000    0.0000    0.0000    0.0000
    0.0000    0.0000    0.0000    0.0000    0.0000    0.0000
    0.0000    0.0000    0.0000    0.0000    0.0000    0.0000
    0.0000    0.0000    0.0000    0.0000    0.0000    0.0000
    0.0000    0.0000    0.0000    0.0000    0.0000    0.0000
 --------------------------

 ------J+KMAT------
    0.0000    0.0000    0.0000    0.0000    0.0000    0.0000
    0.0000    0.0000    0.0000    0.0000    0.0000    0.0000
    0.0000    0.0000    0.0000    0.0000    0.0000    0.0000
    0.0000    0.0000    0.0000    0.0000    0.0000    0.0000
    0.0000    0.0000    0.0000    0.0000    0.0000    0.0000
    0.0000    0.0000    0.0000    0.0000    0.0000    0.0000
 --------------------------

 ------G MATRIX------
    0.0000    0.0000    0.0000    0.0000    0.0000    0.0000
    0.0000    0.0000    0.0000    0.0000    0.0000    0.0000
    0.0000    0.0000    0.0000    0.0000    0.0000    0.0000
    0.0000    0.0000    0.0000    0.0000    0.0000    0.0000
    0.0000    0.0000    0.0000    0.0000    0.0000    0.0000
    0.0000    0.0000    0.0000    0.0000    0.0000    0.0000
 --------------------------

 Energia Total:   0.0000000000000000     
 ------F MATRIX------
   -1.6973   -2.0075   -2.1424   -1.8061   -1.6089   -1.2253
   -2.0075   73.0517    6.6055   -2.5843   -1.1356   -0.6133
   -2.1424    6.6055    7.0463   -0.7107   -1.5205   -0.8882
   -1.8061   -2.5843   -0.7107   -0.7946   -1.6687   -1.1066
   -1.6089   -1.1356   -1.5205   -1.6687   -1.4673   -1.2193
   -1.2253   -0.6133   -0.8882   -1.1066   -1.2193   -1.0973
 --------------------------

 ------XF MATRIX------
   13.7793  -17.1804  -15.2921  -10.6877    4.7180    0.9025
  -17.1804   28.9567   31.8591   23.3716  -10.4413   -1.9660
  -15.2921   31.8591   45.1209   40.8869  -20.2579   -4.0087
  -10.6877   23.3716   40.8869   46.0571  -28.0385   -6.4608
    4.7180  -10.4413  -20.2579  -28.0385   19.1658    4.7326
    0.9025   -1.9660   -4.0087   -6.4608    4.7326   -0.8697
 --------------------------

 auto valores
  -1.9988668163694479      -0.44380770870490061       0.85810205209843227        5.4616564973706057        23.692102256698199        124.64094295736453     
 ------XCOEFF MATRIX------
   -0.0005    0.1290   -0.5129   -0.6687    0.4766   -0.2146
    0.0275    0.3094   -0.6443    0.0194   -0.5647    0.4113
   -0.1054   -0.5032    0.2332   -0.5629   -0.1384    0.5875
    0.1285    0.6112    0.2778    0.0372    0.4457    0.5769
   -0.1352    0.5054    0.4312   -0.4658   -0.4704   -0.3196
    0.9764   -0.0734    0.0662   -0.1310   -0.1226   -0.0685
 --------------------------

 ------COEFF MATRIX------
    0.4418    0.0841    2.1814    4.0376   -2.4479    0.9543
    0.0137    0.0067    0.0066   -0.0378    0.0408   -1.3956
    0.0734    0.0260    0.1031    0.0722   -1.9074    1.5201
    0.2356    0.1668   -0.0540   -2.3321    2.8638   -1.2669
    0.3364    1.0146   -3.8924   -3.0523    1.4616   -0.5670
    0.0434   -1.7089    1.9757    1.0475   -0.4748    0.1868
 --------------------------

 ------NEW DENSITY MATRIX------
    0.3904    0.0121    0.0648    0.2081    0.2973    0.0383
    0.0121    0.0004    0.0020    0.0065    0.0092    0.0012
    0.0648    0.0020    0.0108    0.0346    0.0494    0.0064
    0.2081    0.0065    0.0346    0.1110    0.1585    0.0204
    0.2973    0.0092    0.0494    0.1585    0.2264    0.0292
    0.0383    0.0012    0.0064    0.0204    0.0292    0.0038
 --------------------------

 ------JMAT------
    2.3733    0.7351    1.7279    2.4053    1.8570    1.2423
    0.7351    0.5912    0.8899    0.8964    0.5229    0.3335
    1.7279    0.8899    1.7429    1.9987    1.2569    0.8098
    2.4053    0.8964    1.9987    2.5888    1.8135    1.1890
    1.8570    0.5229    1.2569    1.8135    1.4934    1.0161
    1.2423    0.3335    0.8098    1.1890    1.0161    0.6991
 --------------------------

 ------KMAT------
   -1.1867   -0.3675   -0.8640   -1.2027   -0.9285   -0.6212
   -0.3675   -0.2956   -0.4450   -0.4482   -0.2615   -0.1668
   -0.8640   -0.4450   -0.8715   -0.9993   -0.6284   -0.4049
   -1.2027   -0.4482   -0.9993   -1.2944   -0.9068   -0.5945
   -0.9285   -0.2615   -0.6284   -0.9068   -0.7467   -0.5080
   -0.6212   -0.1668   -0.4049   -0.5945   -0.5080   -0.3496
 --------------------------

 ------J+KMAT------
    1.1867    0.3675    0.8640    1.2027    0.9285    0.6212
    0.3675    0.2956    0.4450    0.4482    0.2615    0.1668
    0.8640    0.4450    0.8715    0.9993    0.6284    0.4049
    1.2027    0.4482    0.9993    1.2944    0.9068    0.5945
    0.9285    0.2615    0.6284    0.9068    0.7467    0.5080
    0.6212    0.1668    0.4049    0.5945    0.5080    0.3496
 --------------------------

 ------G MATRIX------
    1.1867    0.3675    0.8640    1.2027    0.9285    0.6212
    0.3675    0.2956    0.4450    0.4482    0.2615    0.1668
    0.8640    0.4450    0.8715    0.9993    0.6284    0.4049
    1.2027    0.4482    0.9993    1.2944    0.9068    0.5945
    0.9285    0.2615    0.6284    0.9068    0.7467    0.5080
    0.6212    0.1668    0.4049    0.5945    0.5080    0.3496
 --------------------------

 Energia Total:  -2.7485060731511850     
 ------F MATRIX------
   -0.5107   -1.6400   -1.2784   -0.6035   -0.6804   -0.6041
   -1.6400   73.3473    7.0505   -2.1361   -0.8742   -0.4465
   -1.2784    7.0505    7.9178    0.2886   -0.8921   -0.4833
   -0.6035   -2.1361    0.2886    0.4998   -0.7619   -0.5121
   -0.6804   -0.8742   -0.8921   -0.7619   -0.7206   -0.7113
   -0.6041   -0.4465   -0.4833   -0.5121   -0.7113   -0.7478
 --------------------------

 ------XF MATRIX------
   13.7965  -17.1969  -15.2840  -10.6774    4.7232    0.8981
  -17.1969   28.9999   31.8798   23.3359  -10.4379   -1.9927
  -15.2840   31.8798   45.2052   40.8877  -20.1828   -4.0705
  -10.6774   23.3359   40.8877   46.2238  -28.0211   -6.1426
    4.7232  -10.4379  -20.1828  -28.0211   19.4163    4.9310
    0.8981   -1.9927   -4.0705   -6.1426    4.9310    0.3902
 --------------------------

 auto valores
 -0.87087859492687325      -0.30556578226756298        1.0185766984131273        5.6399074996158358        23.837590493463814        124.71212984349576     
 ------XCOEFF MATRIX------
   -0.0089    0.1725   -0.5157   -0.6584    0.4740   -0.2144
   -0.0271    0.3781   -0.6067    0.0349   -0.5638    0.4112
    0.0610   -0.5435    0.1558   -0.5582   -0.1411    0.5875
   -0.1430    0.5752    0.3439    0.0152    0.4442    0.5770
   -0.3711    0.3496    0.4305   -0.4776   -0.4737   -0.3197
    0.9150    0.2808    0.1950   -0.1595   -0.1254   -0.0686
 --------------------------

 ------COEFF MATRIX------
    0.2212    0.0332    2.3454    3.9734   -2.4327    0.9536
    0.0087    0.0097    0.0079   -0.0387    0.0410   -1.3956
    0.0456    0.0363    0.1126    0.0768   -1.9078    1.5195
    0.1183    0.2054   -0.0749   -2.3527    2.8516   -1.2661
    0.2664    1.5046   -3.8020   -2.9748    1.4517   -0.5666
    0.5089   -1.7932    1.8485    1.0172   -0.4715    0.1866
 --------------------------

 ------NEW DENSITY MATRIX------
    0.0979    0.0038    0.0202    0.0523    0.1178    0.2251
    0.0038    0.0002    0.0008    0.0021    0.0046    0.0088
    0.0202    0.0008    0.0042    0.0108    0.0243    0.0464
    0.0523    0.0021    0.0108    0.0280    0.0630    0.1204
    0.1178    0.0046    0.0243    0.0630    0.1419    0.2711
    0.2251    0.0088    0.0464    0.1204    0.2711    0.5179
 --------------------------

 ------JMAT------
    2.0706    0.5900    1.4045    2.0097    1.7101    1.2100
    0.5900    0.4536    0.6870    0.7017    0.4347    0.2882
    1.4045    0.6870    1.3563    1.5810    1.0602    0.7115
    2.0097    0.7017    1.5810    2.0923    1.5817    1.0857
    1.7101    0.4347    1.0602    1.5817    1.4733    1.0754
    1.2100    0.2882    0.7115    1.0857    1.0754    0.8058
 --------------------------

 ------KMAT------
   -1.0353   -0.2950   -0.7022   -1.0049   -0.8551   -0.6050
   -0.2950   -0.2268   -0.3435   -0.3508   -0.2173   -0.1441
   -0.7022   -0.3435   -0.6782   -0.7905   -0.5301   -0.3557
   -1.0049   -0.3508   -0.7905   -1.0461   -0.7908   -0.5429
   -0.8551   -0.2173   -0.5301   -0.7908   -0.7366   -0.5377
   -0.6050   -0.1441   -0.3557   -0.5429   -0.5377   -0.4029
 --------------------------

 ------J+KMAT------
    1.0353    0.2950    0.7022    1.0049    0.8551    0.6050
    0.2950    0.2268    0.3435    0.3508    0.2173    0.1441
    0.7022    0.3435    0.6782    0.7905    0.5301    0.3557
    1.0049    0.3508    0.7905    1.0461    0.7908    0.5429
    0.8551    0.2173    0.5301    0.7908    0.7366    0.5377
    0.6050    0.1441    0.3557    0.5429    0.5377    0.4029
 --------------------------

 ------G MATRIX------
    1.0353    0.2950    0.7022    1.0049    0.8551    0.6050
    0.2950    0.2268    0.3435    0.3508    0.2173    0.1441
    0.7022    0.3435    0.6782    0.7905    0.5301    0.3557
    1.0049    0.3508    0.7905    1.0461    0.7908    0.5429
    0.8551    0.2173    0.5301    0.7908    0.7366    0.5377
    0.6050    0.1441    0.3557    0.5429    0.5377    0.4029
 --------------------------

 Energia Total:  -2.7994410743834401     
 ------F MATRIX------
   -0.6620   -1.7125   -1.4401   -0.8013   -0.7538   -0.6203
   -1.7125   73.2785    6.9490   -2.2335   -0.9183   -0.4692
   -1.4401    6.9490    7.7245    0.0797   -0.9904   -0.5325
   -0.8013   -2.2335    0.0797    0.2515   -0.8778   -0.5637
   -0.7538   -0.9183   -0.9904   -0.8778   -0.7306   -0.6817
   -0.6203   -0.4692   -0.5325   -0.5637   -0.6817   -0.6945
 --------------------------

 ------XF MATRIX------
   13.7956  -17.1932  -15.2839  -10.6812    4.7210    0.9009
  -17.1932   28.9942   31.8733   23.3425  -10.4423   -1.9807
  -15.2839   31.8733   45.1908   40.8847  -20.1996   -4.0581
  -10.6812   23.3425   40.8847   46.1903  -28.0163   -6.2389
    4.7210  -10.4423  -20.1996  -28.0163   19.3845    4.8192
    0.9009   -1.9807   -4.0581   -6.2389    4.8192    0.2283
 --------------------------

 auto valores
 -0.93699227171033750      -0.35711634975661122       0.97633589860279890        5.6005916482836717        23.805148505356506        124.69575277302108     
 ------XCOEFF MATRIX------
    0.0034    0.1583   -0.5165   -0.6610    0.4746   -0.2145
    0.0169    0.3574   -0.6195    0.0313   -0.5641    0.4112
   -0.0370   -0.5369    0.1789   -0.5600   -0.1404    0.5875
   -0.0053    0.6020    0.3264    0.0212    0.4447    0.5769
   -0.2647    0.4331    0.4370   -0.4750   -0.4728   -0.3197
    0.9635    0.0949    0.1414   -0.1501   -0.1246   -0.0685
 --------------------------

 ------COEFF MATRIX------
    0.3186    0.0391    2.3001    3.9909   -2.4363    0.9537
    0.0112    0.0081    0.0073   -0.0384    0.0409   -1.3956
    0.0584    0.0299    0.1093    0.0758   -1.9077    1.5196
    0.1711    0.1851   -0.0724   -2.3474    2.8547   -1.2663
    0.3818    1.3183   -3.8460   -2.9929    1.4540   -0.5667
    0.2276   -1.8079    1.8858    1.0241   -0.4723    0.1867
 --------------------------

 ------NEW DENSITY MATRIX------
    0.2031    0.0071    0.0372    0.1091    0.2433    0.1451
    0.0071    0.0002    0.0013    0.0038    0.0085    0.0051
    0.0372    0.0013    0.0068    0.0200    0.0446    0.0266
    0.1091    0.0038    0.0200    0.0586    0.1307    0.0779
    0.2433    0.0085    0.0446    0.1307    0.2915    0.1738
    0.1451    0.0051    0.0266    0.0779    0.1738    0.1036
 --------------------------

 ------JMAT------
    2.0660    0.5731    1.3713    1.9814    1.7245    1.2290
    0.5731    0.4318    0.6559    0.6745    0.4270    0.2858
    1.3713    0.6559    1.3006    1.5274    1.0468    0.7090
    1.9814    0.6745    1.5274    2.0395    1.5767    1.0917
    1.7245    0.4270    1.0468    1.5767    1.4992    1.0996
    1.2290    0.2858    0.7090    1.0917    1.0996    0.8255
 --------------------------

 ------KMAT------
   -1.0330   -0.2865   -0.6856   -0.9907   -0.8623   -0.6145
   -0.2865   -0.2159   -0.3280   -0.3373   -0.2135   -0.1429
   -0.6856   -0.3280   -0.6503   -0.7637   -0.5234   -0.3545
   -0.9907   -0.3373   -0.7637   -1.0197   -0.7884   -0.5458
   -0.8623   -0.2135   -0.5234   -0.7884   -0.7496   -0.5498
   -0.6145   -0.1429   -0.3545   -0.5458   -0.5498   -0.4128
 --------------------------

 ------J+KMAT------
    1.0330    0.2865    0.6856    0.9907    0.8623    0.6145
    0.2865    0.2159    0.3280    0.3373    0.2135    0.1429
    0.6856    0.3280    0.6503    0.7637    0.5234    0.3545
    0.9907    0.3373    0.7637    1.0197    0.7884    0.5458
    0.8623    0.2135    0.5234    0.7884    0.7496    0.5498
    0.6145    0.1429    0.3545    0.5458    0.5498    0.4128
 --------------------------

 ------G MATRIX------
    1.0330    0.2865    0.6856    0.9907    0.8623    0.6145
    0.2865    0.2159    0.3280    0.3373    0.2135    0.1429
    0.6856    0.3280    0.6503    0.7637    0.5234    0.3545
    0.9907    0.3373    0.7637    1.0197    0.7884    0.5458
    0.8623    0.2135    0.5234    0.7884    0.7496    0.5498
    0.6145    0.1429    0.3545    0.5458    0.5498    0.4128
 --------------------------

 Energia Total:  -2.8243668668149069     
 ------F MATRIX------
   -0.6643   -1.7210   -1.4568   -0.8154   -0.7467   -0.6108
   -1.7210   73.2676    6.9335   -2.2470   -0.9221   -0.4704
   -1.4568    6.9335    7.6966    0.0530   -0.9971   -0.5337
   -0.8154   -2.2470    0.0530    0.2251   -0.8803   -0.5608
   -0.7467   -0.9221   -0.9971   -0.8803   -0.7177   -0.6695
   -0.6108   -0.4704   -0.5337   -0.5608   -0.6695   -0.6846
 --------------------------

 ------XF MATRIX------
   13.7955  -17.1929  -15.2837  -10.6816    4.7210    0.9012
  -17.1929   28.9937   31.8723   23.3431  -10.4439   -1.9761
  -15.2837   31.8723   45.1888   40.8850  -20.1994   -4.0626
  -10.6816   23.3431   40.8850   46.1830  -28.0194   -6.2490
    4.7210  -10.4439  -20.1994  -28.0194   19.3767    4.7985
    0.9012   -1.9761   -4.0626   -6.2490    4.7985    0.2204
 --------------------------

 auto valores
 -0.93403850903180696      -0.36581174486157131       0.96953324128557350        5.5948067189574546        23.800281734199544        124.69318374137902     
 ------XCOEFF MATRIX------
    0.0029    0.1560   -0.5166   -0.6614    0.4747   -0.2145
    0.0178    0.3538   -0.6215    0.0307   -0.5641    0.4112
   -0.0433   -0.5348    0.1828   -0.5603   -0.1403    0.5875
    0.0069    0.6037    0.3230    0.0222    0.4447    0.5769
   -0.2533    0.4401    0.4374   -0.4746   -0.4727   -0.3197
    0.9662    0.0802    0.1335   -0.1482   -0.1245   -0.0685
 --------------------------

 ------COEFF MATRIX------
    0.3310    0.0429    2.2927    3.9938   -2.4368    0.9538
    0.0114    0.0080    0.0072   -0.0384    0.0409   -1.3956
    0.0598    0.0296    0.1088    0.0757   -1.9076    1.5197
    0.1772    0.1837   -0.0722   -2.3464    2.8552   -1.2663
    0.3775    1.2939   -3.8525   -2.9955    1.4543   -0.5667
    0.2116   -1.8022    1.8925    1.0252   -0.4724    0.1867
 --------------------------

 ------NEW DENSITY MATRIX------
    0.2191    0.0076    0.0396    0.1173    0.2499    0.1401
    0.0076    0.0003    0.0014    0.0040    0.0086    0.0048
    0.0396    0.0014    0.0072    0.0212    0.0452    0.0253
    0.1173    0.0040    0.0212    0.0628    0.1338    0.0750
    0.2499    0.0086    0.0452    0.1338    0.2850    0.1598
    0.1401    0.0048    0.0253    0.0750    0.1598    0.0896
 --------------------------

 ------JMAT------
    2.0770    0.5700    1.3671    1.9832    1.7394    1.2416
    0.5700    0.4255    0.6475    0.6679    0.4267    0.2866
    1.3671    0.6475    1.2863    1.5159    1.0483    0.7124
    1.9832    0.6679    1.5159    2.0320    1.5847    1.1002
    1.7394    0.4267    1.0483    1.5847    1.5149    1.1110
    1.2416    0.2866    0.7124    1.1002    1.1110    0.8323
 --------------------------

 ------KMAT------
   -1.0385   -0.2850   -0.6836   -0.9916   -0.8697   -0.6208
   -0.2850   -0.2128   -0.3237   -0.3340   -0.2134   -0.1433
   -0.6836   -0.3237   -0.6432   -0.7579   -0.5241   -0.3562
   -0.9916   -0.3340   -0.7579   -1.0160   -0.7923   -0.5501
   -0.8697   -0.2134   -0.5241   -0.7923   -0.7574   -0.5555
   -0.6208   -0.1433   -0.3562   -0.5501   -0.5555   -0.4161
 --------------------------

 ------J+KMAT------
    1.0385    0.2850    0.6836    0.9916    0.8697    0.6208
    0.2850    0.2128    0.3237    0.3340    0.2134    0.1433
    0.6836    0.3237    0.6432    0.7579    0.5241    0.3562
    0.9916    0.3340    0.7579    1.0160    0.7923    0.5501
    0.8697    0.2134    0.5241    0.7923    0.7574    0.5555
    0.6208    0.1433    0.3562    0.5501    0.5555    0.4161
 --------------------------

 ------G MATRIX------
    1.0385    0.2850    0.6836    0.9916    0.8697    0.6208
    0.2850    0.2128    0.3237    0.3340    0.2134    0.1433
    0.6836    0.3237    0.6432    0.7579    0.5241    0.3562
    0.9916    0.3340    0.7579    1.0160    0.7923    0.5501
    0.8697    0.2134    0.5241    0.7923    0.7574    0.5555
    0.6208    0.1433    0.3562    0.5501    0.5555    0.4161
 --------------------------

 Energia Total:  -2.8388349266066126     
 ------F MATRIX------
   -0.6588   -1.7225   -1.4588   -0.8145   -0.7392   -0.6045
   -1.7225   73.2645    6.9293   -2.2504   -0.9223   -0.4699
   -1.4588    6.9293    7.6895    0.0472   -0.9964   -0.5320
   -0.8145   -2.2504    0.0472    0.2213   -0.8763   -0.5565
   -0.7392   -0.9223   -0.9964   -0.8763   -0.7098   -0.6638
   -0.6045   -0.4699   -0.5320   -0.5565   -0.6638   -0.6812
 --------------------------

 ------XF MATRIX------
   13.7955  -17.1928  -15.2836  -10.6817    4.7211    0.9013
  -17.1928   28.9936   31.8721   23.3432  -10.4446   -1.9741
  -15.2836   31.8721   45.1883   40.8853  -20.1986   -4.0655
  -10.6817   23.3432   40.8853   46.1802  -28.0214   -6.2504
    4.7211  -10.4446  -20.1986  -28.0214   19.3735    4.7918
    0.9013   -1.9741   -4.0655   -6.2504    4.7918    0.2233
 --------------------------

 auto valores
 -0.92788414254115481      -0.36959479776882320       0.96720471702329991        5.5932294191901848        23.798973014245785        124.69246162413771     
 ------XCOEFF MATRIX------
    0.0023    0.1551   -0.5167   -0.6615    0.4747   -0.2145
    0.0167    0.3526   -0.6222    0.0306   -0.5641    0.4112
   -0.0429   -0.5342    0.1841   -0.5604   -0.1403    0.5875
    0.0080    0.6043    0.3218    0.0225    0.4448    0.5769
   -0.2518    0.4413    0.4372   -0.4745   -0.4726   -0.3197
    0.9667    0.0797    0.1314   -0.1476   -0.1244   -0.0685
 --------------------------

 ------COEFF MATRIX------
    0.3337    0.0462    2.2905    3.9947   -2.4370    0.9538
    0.0115    0.0080    0.0072   -0.0384    0.0409   -1.3956
    0.0601    0.0298    0.1087    0.0756   -1.9076    1.5197
    0.1784    0.1840   -0.0722   -2.3461    2.8553   -1.2663
    0.3719    1.2868   -3.8548   -2.9963    1.4544   -0.5667
    0.2137   -1.7988    1.8953    1.0255   -0.4724    0.1867
 --------------------------

 ------NEW DENSITY MATRIX------
    0.2227    0.0077    0.0401    0.1191    0.2482    0.1426
    0.0077    0.0003    0.0014    0.0041    0.0085    0.0049
    0.0401    0.0014    0.0072    0.0215    0.0447    0.0257
    0.1191    0.0041    0.0215    0.0637    0.1327    0.0763
    0.2482    0.0085    0.0447    0.1327    0.2766    0.1590
    0.1426    0.0049    0.0257    0.0763    0.1590    0.0914
 --------------------------

 ------JMAT------
    2.0850    0.5693    1.3670    1.9868    1.7487    1.2492
    0.5693    0.4230    0.6441    0.6655    0.4272    0.2876
    1.3670    0.6441    1.2810    1.5122    1.0506    0.7153
    1.9868    0.6655    1.5122    2.0310    1.5908    1.1060
    1.7487    0.4272    1.0506    1.5908    1.5239    1.1173
    1.2492    0.2876    0.7153    1.1060    1.1173    0.8358
 --------------------------

 ------KMAT------
   -1.0425   -0.2847   -0.6835   -0.9934   -0.8743   -0.6246
   -0.2847   -0.2115   -0.3221   -0.3328   -0.2136   -0.1438
   -0.6835   -0.3221   -0.6405   -0.7561   -0.5253   -0.3576
   -0.9934   -0.3328   -0.7561   -1.0155   -0.7954   -0.5530
   -0.8743   -0.2136   -0.5253   -0.7954   -0.7620   -0.5586
   -0.6246   -0.1438   -0.3576   -0.5530   -0.5586   -0.4179
 --------------------------

 ------J+KMAT------
    1.0425    0.2847    0.6835    0.9934    0.8743    0.6246
    0.2847    0.2115    0.3221    0.3328    0.2136    0.1438
    0.6835    0.3221    0.6405    0.7561    0.5253    0.3576
    0.9934    0.3328    0.7561    1.0155    0.7954    0.5530
    0.8743    0.2136    0.5253    0.7954    0.7620    0.5586
    0.6246    0.1438    0.3576    0.5530    0.5586    0.4179
 --------------------------

 ------G MATRIX------
    1.0425    0.2847    0.6835    0.9934    0.8743    0.6246
    0.2847    0.2115    0.3221    0.3328    0.2136    0.1438
    0.6835    0.3221    0.6405    0.7561    0.5253    0.3576
    0.9934    0.3328    0.7561    1.0155    0.7954    0.5530
    0.8743    0.2136    0.5253    0.7954    0.7620    0.5586
    0.6246    0.1438    0.3576    0.5530    0.5586    0.4179
 --------------------------

 Energia Total:  -2.8473790189207877     
 ------F MATRIX------
   -0.6549   -1.7228   -1.4589   -0.8127   -0.7346   -0.6007
   -1.7228   73.2632    6.9276   -2.2515   -0.9220   -0.4695
   -1.4589    6.9276    7.6868    0.0454   -0.9952   -0.5306
   -0.8127   -2.2515    0.0454    0.2208   -0.8733   -0.5536
   -0.7346   -0.9220   -0.9952   -0.8733   -0.7053   -0.6607
   -0.6007   -0.4695   -0.5306   -0.5536   -0.6607   -0.6794
 --------------------------

 ------XF MATRIX------
   13.7955  -17.1929  -15.2835  -10.6817    4.7212    0.9013
  -17.1929   28.9935   31.8720   23.3432  -10.4449   -1.9733
  -15.2835   31.8720   45.1880   40.8856  -20.1980   -4.0670
  -10.6817   23.3432   40.8856   46.1788  -28.0226   -6.2508
    4.7212  -10.4449  -20.1980  -28.0226   19.3720    4.7887
    0.9013   -1.9733   -4.0670   -6.2508    4.7887    0.2261
 --------------------------

 auto valores
 -0.92367975408564007      -0.37166995234373201       0.96607780655781905        5.5925896917708480        23.798459121846737        124.69217011370975     
 ------XCOEFF MATRIX------
    0.0020    0.1547   -0.5168   -0.6615    0.4748   -0.2145
    0.0160    0.3520   -0.6226    0.0305   -0.5641    0.4112
   -0.0424   -0.5340    0.1848   -0.5604   -0.1403    0.5875
    0.0080    0.6046    0.3212    0.0227    0.4448    0.5769
   -0.2515    0.4416    0.4371   -0.4745   -0.4726   -0.3197
    0.9668    0.0803    0.1305   -0.1473   -0.1244   -0.0685
 --------------------------

 ------COEFF MATRIX------
    0.3345    0.0481    2.2896    3.9951   -2.4370    0.9538
    0.0115    0.0080    0.0072   -0.0384    0.0409   -1.3956
    0.0602    0.0299    0.1086    0.0756   -1.9076    1.5197
    0.1788    0.1842   -0.0722   -2.3459    2.8554   -1.2663
    0.3690    1.2835   -3.8559   -2.9966    1.4545   -0.5667
    0.2158   -1.7970    1.8967    1.0256   -0.4724    0.1867
 --------------------------

 ------NEW DENSITY MATRIX------
    0.2238    0.0077    0.0403    0.1196    0.2469    0.1444
    0.0077    0.0003    0.0014    0.0041    0.0085    0.0050
    0.0403    0.0014    0.0073    0.0215    0.0444    0.0260
    0.1196    0.0041    0.0215    0.0640    0.1320    0.0772
    0.2469    0.0085    0.0444    0.1320    0.2723    0.1593
    0.1444    0.0050    0.0260    0.0772    0.1593    0.0931
 --------------------------

 ------JMAT------
    2.0898    0.5692    1.3674    1.9893    1.7542    1.2537
    0.5692    0.4218    0.6426    0.6645    0.4277    0.2882
    1.3674    0.6426    1.2786    1.5108    1.0524    0.7172
    1.9893    0.6645    1.5108    2.0311    1.5946    1.1097
    1.7542    0.4277    1.0524    1.5946    1.5292    1.1210
    1.2537    0.2882    0.7172    1.1097    1.1210    0.8379
 --------------------------

 ------KMAT------
   -1.0449   -0.2846   -0.6837   -0.9947   -0.8771   -0.6268
   -0.2846   -0.2109   -0.3213   -0.3323   -0.2139   -0.1441
   -0.6837   -0.3213   -0.6393   -0.7554   -0.5262   -0.3586
   -0.9947   -0.3323   -0.7554   -1.0156   -0.7973   -0.5548
   -0.8771   -0.2139   -0.5262   -0.7973   -0.7646   -0.5605
   -0.6268   -0.1441   -0.3586   -0.5548   -0.5605   -0.4190
 --------------------------

 ------J+KMAT------
    1.0449    0.2846    0.6837    0.9947    0.8771    0.6268
    0.2846    0.2109    0.3213    0.3323    0.2139    0.1441
    0.6837    0.3213    0.6393    0.7554    0.5262    0.3586
    0.9947    0.3323    0.7554    1.0156    0.7973    0.5548
    0.8771    0.2139    0.5262    0.7973    0.7646    0.5605
    0.6268    0.1441    0.3586    0.5548    0.5605    0.4190
 --------------------------

 ------G MATRIX------
    1.0449    0.2846    0.6837    0.9947    0.8771    0.6268
    0.2846    0.2109    0.3213    0.3323    0.2139    0.1441
    0.6837    0.3213    0.6393    0.7554    0.5262    0.3586
    0.9947    0.3323    0.7554    1.0156    0.7973    0.5548
    0.8771    0.2139    0.5262    0.7973    0.7646    0.5605
    0.6268    0.1441    0.3586    0.5548    0.5605    0.4190
 --------------------------

 Energia Total:  -2.8524610832614612     
 ------F MATRIX------
   -0.6524   -1.7229   -1.4587   -0.8115   -0.7318   -0.5985
   -1.7229   73.2626    6.9268   -2.2521   -0.9217   -0.4691
   -1.4587    6.9268    7.6857    0.0447   -0.9943   -0.5296
   -0.8115   -2.2521    0.0447    0.2209   -0.8713   -0.5518
   -0.7318   -0.9217   -0.9943   -0.8713   -0.7027   -0.6588
   -0.5985   -0.4691   -0.5296   -0.5518   -0.6588   -0.6784
 --------------------------

 ------XF MATRIX------
   13.7955  -17.1929  -15.2835  -10.6816    4.7213    0.9012
  -17.1929   28.9935   31.8720   23.3432  -10.4450   -1.9729
  -15.2835   31.8720   45.1879   40.8857  -20.1977   -4.0677
  -10.6816   23.3432   40.8857   46.1780  -28.0233   -6.2509
    4.7213  -10.4450  -20.1977  -28.0233   19.3711    4.7871
    0.9012   -1.9729   -4.0677   -6.2509    4.7871    0.2280
 --------------------------

 auto valores
 -0.92110031371924939      -0.37287708391635976       0.96546530444031231        5.5922818934675798        23.798221519462061        124.69203341724321     
 ------XCOEFF MATRIX------
    0.0018    0.1544   -0.5168   -0.6616    0.4748   -0.2145
    0.0157    0.3516   -0.6228    0.0305   -0.5641    0.4112
   -0.0421   -0.5338    0.1851   -0.5605   -0.1403    0.5875
    0.0079    0.6048    0.3208    0.0227    0.4448    0.5769
   -0.2514    0.4418    0.4369   -0.4744   -0.4726   -0.3197
    0.9668    0.0807    0.1302   -0.1472   -0.1244   -0.0685
 --------------------------

 ------COEFF MATRIX------
    0.3349    0.0493    2.2892    3.9952   -2.4371    0.9538
    0.0115    0.0081    0.0072   -0.0384    0.0409   -1.3956
    0.0602    0.0300    0.1086    0.0756   -1.9076    1.5197
    0.1790    0.1844   -0.0722   -2.3459    2.8554   -1.2663
    0.3676    1.2816   -3.8565   -2.9968    1.4545   -0.5667
    0.2169   -1.7959    1.8976    1.0256   -0.4724    0.1867
 --------------------------

 ------NEW DENSITY MATRIX------
    0.2243    0.0077    0.0403    0.1199    0.2462    0.1452
    0.0077    0.0003    0.0014    0.0041    0.0084    0.0050
    0.0403    0.0014    0.0073    0.0216    0.0443    0.0261
    0.1199    0.0041    0.0216    0.0641    0.1316    0.0776
    0.2462    0.0084    0.0443    0.1316    0.2702    0.1594
    0.1452    0.0050    0.0261    0.0776    0.1594    0.0941
 --------------------------

 ------JMAT------
    2.0927    0.5692    1.3678    1.9910    1.7574    1.2564
    0.5692    0.4212    0.6419    0.6641    0.4281    0.2887
    1.3678    0.6419    1.2775    1.5102    1.0535    0.7185
    1.9910    0.6641    1.5102    2.0314    1.5970    1.1119
    1.7574    0.4281    1.0535    1.5970    1.5322    1.1232
    1.2564    0.2887    0.7185    1.1119    1.1232    0.8392
 --------------------------

 ------KMAT------
   -1.0463   -0.2846   -0.6839   -0.9955   -0.8787   -0.6282
   -0.2846   -0.2106   -0.3209   -0.3320   -0.2140   -0.1444
   -0.6839   -0.3209   -0.6388   -0.7551   -0.5268   -0.3593
   -0.9955   -0.3320   -0.7551   -1.0157   -0.7985   -0.5560
   -0.8787   -0.2140   -0.5268   -0.7985   -0.7661   -0.5616
   -0.6282   -0.1444   -0.3593   -0.5560   -0.5616   -0.4196
 --------------------------

 ------J+KMAT------
    1.0463    0.2846    0.6839    0.9955    0.8787    0.6282
    0.2846    0.2106    0.3209    0.3320    0.2140    0.1444
    0.6839    0.3209    0.6388    0.7551    0.5268    0.3593
    0.9955    0.3320    0.7551    1.0157    0.7985    0.5560
    0.8787    0.2140    0.5268    0.7985    0.7661    0.5616
    0.6282    0.1444    0.3593    0.5560    0.5616    0.4196
 --------------------------

 ------G MATRIX------
    1.0463    0.2846    0.6839    0.9955    0.8787    0.6282
    0.2846    0.2106    0.3209    0.3320    0.2140    0.1444
    0.6839    0.3209    0.6388    0.7551    0.5268    0.3593
    0.9955    0.3320    0.7551    1.0157    0.7985    0.5560
    0.8787    0.2140    0.5268    0.7985    0.7661    0.5616
    0.6282    0.1444    0.3593    0.5560    0.5616    0.4196
 --------------------------

 Energia Total:  -2.8554953513873143     
 ------F MATRIX------
   -0.6510   -1.7229   -1.4585   -0.8107   -0.7302   -0.5971
   -1.7229   73.2623    6.9265   -2.2523   -0.9216   -0.4689
   -1.4585    6.9265    7.6851    0.0444   -0.9938   -0.5290
   -0.8107   -2.2523    0.0444    0.2211   -0.8702   -0.5506
   -0.7302   -0.9216   -0.9938   -0.8702   -0.7012   -0.6577
   -0.5971   -0.4689   -0.5290   -0.5506   -0.6577   -0.6778
 --------------------------

 ------XF MATRIX------
   13.7955  -17.1929  -15.2835  -10.6816    4.7213    0.9012
  -17.1929   28.9935   31.8720   23.3431  -10.4451   -1.9727
  -15.2835   31.8720   45.1878   40.8859  -20.1975   -4.0681
  -10.6816   23.3431   40.8859   46.1776  -28.0237   -6.2510
    4.7213  -10.4451  -20.1975  -28.0237   19.3706    4.7862
    0.9012   -1.9727   -4.0681   -6.2510    4.7862    0.2292
 --------------------------

 auto valores
 -0.91954448784121778      -0.37358894202554249       0.96512115740776638        5.5921261396815591        23.798106610841973        124.69196659270391     
 ------XCOEFF MATRIX------
    0.0018    0.1543   -0.5168   -0.6616    0.4748   -0.2145
    0.0156    0.3514   -0.6229    0.0304   -0.5641    0.4112
   -0.0420   -0.5338    0.1853   -0.5605   -0.1403    0.5875
    0.0079    0.6049    0.3206    0.0228    0.4448    0.5769
   -0.2514    0.4420    0.4369   -0.4744   -0.4726   -0.3197
    0.9668    0.0809    0.1300   -0.1471   -0.1244   -0.0685
 --------------------------

 ------COEFF MATRIX------
    0.3350    0.0499    2.2889    3.9953   -2.4371    0.9538
    0.0115    0.0081    0.0072   -0.0384    0.0409   -1.3956
    0.0603    0.0301    0.1086    0.0756   -1.9076    1.5197
    0.1791    0.1844   -0.0722   -2.3458    2.8555   -1.2663
    0.3670    1.2806   -3.8568   -2.9969    1.4545   -0.5667
    0.2174   -1.7953    1.8981    1.0257   -0.4724    0.1867
 --------------------------

 ------NEW DENSITY MATRIX------
    0.2244    0.0077    0.0404    0.1200    0.2459    0.1456
    0.0077    0.0003    0.0014    0.0041    0.0084    0.0050
    0.0404    0.0014    0.0073    0.0216    0.0442    0.0262
    0.1200    0.0041    0.0216    0.0641    0.1314    0.0779
    0.2459    0.0084    0.0442    0.1314    0.2693    0.1595
    0.1456    0.0050    0.0262    0.0779    0.1595    0.0945
 --------------------------

 ------JMAT------
    2.0944    0.5692    1.3682    1.9920    1.7593    1.2580
    0.5692    0.4209    0.6415    0.6639    0.4283    0.2890
    1.3682    0.6415    1.2770    1.5100    1.0543    0.7193
    1.9920    0.6639    1.5100    2.0317    1.5985    1.1133
    1.7593    0.4283    1.0543    1.5985    1.5340    1.1245
    1.2580    0.2890    0.7193    1.1133    1.1245    0.8400
 --------------------------

 ------KMAT------
   -1.0472   -0.2846   -0.6841   -0.9960   -0.8796   -0.6290
   -0.2846   -0.2105   -0.3207   -0.3319   -0.2142   -0.1445
   -0.6841   -0.3207   -0.6385   -0.7550   -0.5271   -0.3597
   -0.9960   -0.3319   -0.7550   -1.0159   -0.7992   -0.5567
   -0.8796   -0.2142   -0.5271   -0.7992   -0.7670   -0.5622
   -0.6290   -0.1445   -0.3597   -0.5567   -0.5622   -0.4200
 --------------------------

 ------J+KMAT------
    1.0472    0.2846    0.6841    0.9960    0.8796    0.6290
    0.2846    0.2105    0.3207    0.3319    0.2142    0.1445
    0.6841    0.3207    0.6385    0.7550    0.5271    0.3597
    0.9960    0.3319    0.7550    1.0159    0.7992    0.5567
    0.8796    0.2142    0.5271    0.7992    0.7670    0.5622
    0.6290    0.1445    0.3597    0.5567    0.5622    0.4200
 --------------------------

 ------G MATRIX------
    1.0472    0.2846    0.6841    0.9960    0.8796    0.6290
    0.2846    0.2105    0.3207    0.3319    0.2142    0.1445
    0.6841    0.3207    0.6385    0.7550    0.5271    0.3597
    0.9960    0.3319    0.7550    1.0159    0.7992    0.5567
    0.8796    0.2142    0.5271    0.7992    0.7670    0.5622
    0.6290    0.1445    0.3597    0.5567    0.5622    0.4200
 --------------------------

 Energia Total:  -2.8573107412486927     
 ------F MATRIX------
   -0.6501   -1.7229   -1.4583   -0.8101   -0.7293   -0.5963
   -1.7229   73.2622    6.9263   -2.2524   -0.9214   -0.4688
   -1.4583    6.9263    7.6848    0.0443   -0.9934   -0.5286
   -0.8101   -2.2524    0.0443    0.2212   -0.8694   -0.5499
   -0.7293   -0.9214   -0.9934   -0.8694   -0.7003   -0.6571
   -0.5963   -0.4688   -0.5286   -0.5499   -0.6571   -0.6774
 --------------------------

 ------XF MATRIX------
   13.7955  -17.1929  -15.2835  -10.6816    4.7213    0.9012
  -17.1929   28.9935   31.8720   23.3431  -10.4451   -1.9726
  -15.2835   31.8720   45.1877   40.8859  -20.1974   -4.0683
  -10.6816   23.3431   40.8859   46.1773  -28.0240   -6.2510
    4.7213  -10.4451  -20.1974  -28.0240   19.3704    4.7857
    0.9012   -1.9726   -4.0683   -6.2510    4.7857    0.2300
 --------------------------

 auto valores
 -0.91860866934035590      -0.37401068089551609       0.96492503682457964        5.5920457704295128        23.798050286962223        124.69193347208365     
 ------XCOEFF MATRIX------
    0.0017    0.1542   -0.5169   -0.6616    0.4748   -0.2145
    0.0155    0.3513   -0.6229    0.0304   -0.5641    0.4112
   -0.0419   -0.5337    0.1854   -0.5605   -0.1403    0.5875
    0.0079    0.6050    0.3205    0.0228    0.4448    0.5769
   -0.2513    0.4420    0.4368   -0.4744   -0.4726   -0.3197
    0.9668    0.0810    0.1299   -0.1471   -0.1244   -0.0685
 --------------------------

 ------COEFF MATRIX------
    0.3351    0.0503    2.2888    3.9954   -2.4371    0.9538
    0.0115    0.0081    0.0072   -0.0384    0.0409   -1.3956
    0.0603    0.0301    0.1086    0.0756   -1.9076    1.5197
    0.1791    0.1845   -0.0722   -2.3458    2.8555   -1.2663
    0.3667    1.2799   -3.8570   -2.9969    1.4545   -0.5667
    0.2176   -1.7950    1.8984    1.0257   -0.4724    0.1867
 --------------------------

 ------NEW DENSITY MATRIX------
    0.2245    0.0077    0.0404    0.1200    0.2457    0.1458
    0.0077    0.0003    0.0014    0.0041    0.0084    0.0050
    0.0404    0.0014    0.0073    0.0216    0.0442    0.0262
    0.1200    0.0041    0.0216    0.0642    0.1314    0.0780
    0.2457    0.0084    0.0442    0.1314    0.2689    0.1596
    0.1458    0.0050    0.0262    0.0780    0.1596    0.0947
 --------------------------

 ------JMAT------
    2.0954    0.5693    1.3684    1.9926    1.7604    1.2590
    0.5693    0.4208    0.6413    0.6638    0.4285    0.2892
    1.3684    0.6413    1.2767    1.5100    1.0547    0.7198
    1.9926    0.6638    1.5100    2.0320    1.5993    1.1142
    1.7604    0.4285    1.0547    1.5993    1.5350    1.1253
    1.2590    0.2892    0.7198    1.1142    1.1253    0.8404
 --------------------------

 ------KMAT------
   -1.0477   -0.2847   -0.6842   -0.9963   -0.8802   -0.6295
   -0.2847   -0.2104   -0.3207   -0.3319   -0.2142   -0.1446
   -0.6842   -0.3207   -0.6384   -0.7550   -0.5274   -0.3599
   -0.9963   -0.3319   -0.7550   -1.0160   -0.7997   -0.5571
   -0.8802   -0.2142   -0.5274   -0.7997   -0.7675   -0.5626
   -0.6295   -0.1446   -0.3599   -0.5571   -0.5626   -0.4202
 --------------------------

 ------J+KMAT------
    1.0477    0.2847    0.6842    0.9963    0.8802    0.6295
    0.2847    0.2104    0.3207    0.3319    0.2142    0.1446
    0.6842    0.3207    0.6384    0.7550    0.5274    0.3599
    0.9963    0.3319    0.7550    1.0160    0.7997    0.5571
    0.8802    0.2142    0.5274    0.7997    0.7675    0.5626
    0.6295    0.1446    0.3599    0.5571    0.5626    0.4202
 --------------------------

 ------G MATRIX------
    1.0477    0.2847    0.6842    0.9963    0.8802    0.6295
    0.2847    0.2104    0.3207    0.3319    0.2142    0.1446
