 ------DADOS DO INPUT------
Número atômico:  2
 Carga:            0
 Numero de Eletrons:            2
 Camada Aberta?  F
Número de bases:    6
 BASE: 
  65.9846
  12.0982
   3.3846
   1.1627
   0.4515
   0.1860
 --------------------------

 ------OVERLAP MATRIX------
    1.0000    0.6157    0.2828    0.1333    0.0666    0.0345
    0.6157    1.0000    0.7515    0.4254    0.2273    0.1207
    0.2828    0.7515    1.0000    0.8150    0.5174    0.2962
    0.1333    0.4254    0.8150    1.0000    0.8506    0.5726
    0.0666    0.2273    0.5174    0.8506    1.0000    0.8668
    0.0345    0.1207    0.2962    0.5726    0.8668    1.0000
 --------------------------

 ------TRANSFERENCE MATRIX------
   -0.3417    0.5996   -0.8076    0.7806   -0.4488    0.1089
    1.3330   -1.6473    1.1196   -0.0835   -0.4254    0.1968
   -3.2453    2.0905    0.0509   -0.5759   -0.1732    0.2556
    5.1795   -0.4858   -0.9536   -0.3240    0.1108    0.2752
   -4.9863   -1.7132   -0.2710    0.2073    0.2957    0.2559
    2.2005    1.4353    0.9020    0.5548    0.3419    0.2067
 --------------------------

 ------KINETIC MATRIX------
   98.9769   18.8827    2.7316    0.4568    0.0896    0.0192
   18.8827   18.1473    5.9628    1.3539    0.2968    0.0663
    2.7316    5.9628    5.0770    2.1159    0.6184    0.1567
    0.4568    1.3539    2.1159    1.7441    0.8299    0.2754
    0.0896    0.2968    0.6184    0.8299    0.6773    0.3425
    0.0192    0.0663    0.1567    0.2754    0.3425    0.2789
 --------------------------

 ------POTENTIAL MATRIX------
  -25.9251  -12.2771   -5.3159   -2.4643   -1.2252   -0.6324
  -12.2771  -11.1010   -6.6735   -3.4962   -1.8174   -0.9545
   -5.3159   -6.6735   -5.8716   -3.9220   -2.2870   -1.2632
   -2.4643   -3.4962   -3.9220   -3.4414   -2.4388   -1.5007
   -1.2252   -1.8174   -2.2870   -2.4388   -2.1446   -1.5618
   -0.6324   -0.9545   -1.2632   -1.5007   -1.5618   -1.3763
 --------------------------

 ------H_CORE MATRIX------
   73.0517    6.6055   -2.5843   -2.0075   -1.1356   -0.6133
    6.6055    7.0463   -0.7107   -2.1424   -1.5205   -0.8882
   -2.5843   -0.7107   -0.7946   -1.8061   -1.6687   -1.1066
   -2.0075   -2.1424   -1.8061   -1.6973   -1.6089   -1.2253
   -1.1356   -1.5205   -1.6687   -1.6089   -1.4673   -1.2193
   -0.6133   -0.8882   -1.1066   -1.2253   -1.2193   -1.0973
 --------------------------

 ------DENSITY MATRIX------
    0.0000    0.0000    0.0000    0.0000    0.0000    0.0000
    0.0000    0.0000    0.0000    0.0000    0.0000    0.0000
    0.0000    0.0000    0.0000    0.0000    0.0000    0.0000
    0.0000    0.0000    0.0000    0.0000    0.0000    0.0000
    0.0000    0.0000    0.0000    0.0000    0.0000    0.0000
    0.0000    0.0000    0.0000    0.0000    0.0000    0.0000
 --------------------------

 ------G MATRIX------
    0.0000    0.0000    0.0000    0.0000    0.0000    0.0000
    0.0000    0.0000    0.0000    0.0000    0.0000    0.0000
    0.0000    0.0000    0.0000    0.0000    0.0000    0.0000
    0.0000    0.0000    0.0000    0.0000    0.0000    0.0000
    0.0000    0.0000    0.0000    0.0000    0.0000    0.0000
    0.0000    0.0000    0.0000    0.0000    0.0000    0.0000
 --------------------------

 Energia Total:   0.0000000000000000     
 ------F MATRIX------
   73.0517    6.6055   -2.5843   -2.0075   -1.1356   -0.6133
    6.6055    7.0463   -0.7107   -2.1424   -1.5205   -0.8882
   -2.5843   -0.7107   -0.7946   -1.8061   -1.6687   -1.1066
   -2.0075   -2.1424   -1.8061   -1.6973   -1.6089   -1.2253
   -1.1356   -1.5205   -1.6687   -1.6089   -1.4673   -1.2193
   -0.6133   -0.8882   -1.1066   -1.2253   -1.2193   -1.0973
 --------------------------

 ------XF MATRIX------
   13.7793  -17.1804   15.2921  -10.6877    4.7180   -0.9025
  -17.1804   28.9567  -31.8591   23.3716  -10.4413    1.9660
   15.2921  -31.8591   45.1209  -40.8869   20.2579   -4.0087
  -10.6877   23.3716  -40.8869   46.0571  -28.0385    6.4608
    4.7180  -10.4413   20.2579  -28.0385   19.1658   -4.7326
   -0.9025    1.9660   -4.0087    6.4608   -4.7326   -0.8697
 --------------------------

 auto valores
  -1.9988668163694474      -0.44380770870489378       0.85810205209843204        5.4616564973706483        23.692102256698270        124.64094295736456     
 ------XCOEFF MATRIX------
    0.0005    0.1290   -0.5129   -0.6687    0.4766    0.2146
   -0.0275    0.3094   -0.6443    0.0194   -0.5647   -0.4113
   -0.1054    0.5032   -0.2332    0.5629    0.1384    0.5875
   -0.1285    0.6112    0.2778    0.0372    0.4457   -0.5769
    0.1352    0.5054    0.4312   -0.4658   -0.4704    0.3196
    0.9764    0.0734   -0.0662    0.1310    0.1226   -0.0685
 --------------------------

 ------COEFF MATRIX------
    0.0137   -0.0067   -0.0066    0.0378   -0.0408   -1.3956
    0.0734   -0.0260   -0.1031   -0.0722    1.9074    1.5201
    0.2356   -0.1668    0.0540    2.3321   -2.8638   -1.2669
    0.4418   -0.0841   -2.1814   -4.0376    2.4479    0.9543
    0.3364   -1.0146    3.8924    3.0523   -1.4616   -0.5670
    0.0434    1.7089   -1.9757   -1.0475    0.4748    0.1868
 --------------------------

 ------NEW DENSITY MATRIX------
    0.0004    0.0020    0.0065    0.0121    0.0092    0.0012
    0.0020    0.0108    0.0346    0.0648    0.0494    0.0064
    0.0065    0.0346    0.1110    0.2081    0.1585    0.0204
    0.0121    0.0648    0.2081    0.3904    0.2973    0.0383
    0.0092    0.0494    0.1585    0.2973    0.2264    0.0292
    0.0012    0.0064    0.0204    0.0383    0.0292    0.0038
 --------------------------

 ------G MATRIX------
    0.2956    0.4450    0.4482    0.3675    0.2615    0.1668
    0.4450    0.8715    0.9993    0.8640    0.6284    0.4049
    0.4482    0.9993    1.2944    1.2027    0.9068    0.5945
    0.3675    0.8640    1.2027    1.1867    0.9285    0.6212
    0.2615    0.6284    0.9068    0.9285    0.7467    0.5080
    0.1668    0.4049    0.5945    0.6212    0.5080    0.3496
 --------------------------

 Energia Total:  -2.7485060731511863     
