 ------DADOS DO INPUT------
Número atômico:  2
 Carga:            0
Número de bases:   11
 BASE: 
1203.4140
 180.2457
  40.8000
  11.3365
   3.5035
   1.9593
   0.2500
   0.1652
   0.0552
   0.0200
   0.0050
 --------------------------
 
 ------OVERLAP MATRIX------
    1.0000    0.5523    0.2126    0.0843    0.0353    0.0229    0.0049    0.0036    0.0016    0.0007    0.0003
    0.5523    1.0000    0.6835    0.3242    0.1430    0.0937    0.0203    0.0149    0.0065    0.0031    0.0011
    0.2126    0.6835    1.0000    0.7494    0.3965    0.2704    0.0614    0.0451    0.0199    0.0093    0.0033
    0.0843    0.3242    0.7494    1.0000    0.7828    0.5969    0.1566    0.1161    0.0518    0.0243    0.0086
    0.0353    0.1430    0.3965    0.7828    1.0000    0.9395    0.3521    0.2671    0.1229    0.0582    0.0207
    0.0229    0.0937    0.2704    0.5969    0.9395    1.0000    0.5043    0.3920    0.1866    0.0895    0.0320
    0.0049    0.0203    0.0614    0.1566    0.3521    0.5043    1.0000    0.9685    0.6755    0.3791    0.1460
    0.0036    0.0149    0.0451    0.1161    0.2671    0.3920    0.9685    1.0000    0.8068    0.4891    0.1963
    0.0016    0.0065    0.0199    0.0518    0.1229    0.1866    0.6755    0.8068    1.0000    0.8306    0.4099
    0.0007    0.0031    0.0093    0.0243    0.0582    0.0895    0.3791    0.4891    0.8306    1.0000    0.7155
    0.0003    0.0011    0.0033    0.0086    0.0207    0.0320    0.1460    0.1963    0.4099    0.7155    1.0000
 --------------------------
 
 ------TRANSFERENCE MATRIX------
   -0.0426   -0.1294    0.1074    0.4310   -0.5994   -0.4731   -0.7319   -0.3412    0.3692   -0.1070    0.0302
    0.1819    0.5214   -0.3634   -1.2580    0.9820    0.5915    0.1220   -0.1821    0.4044   -0.1932    0.0675
   -0.5585   -1.4381    0.7458    1.9992   -0.3274    0.0593    0.5665    0.0995    0.2149   -0.2447    0.1100
    1.4196    3.0178   -0.9537   -1.5151   -0.7471   -0.5271    0.2000    0.2375   -0.0508   -0.2451    0.1501
   -3.9350   -5.8113    0.5000   -0.5750    0.3151   -0.1132   -0.3180    0.1509   -0.2373   -0.1865    0.1783
    3.9765    4.2810    0.3128    1.2089    0.5919    0.2739   -0.4097    0.0346   -0.2685   -0.1331    0.1861
   -9.2041    0.8244   -1.6379    0.2051   -0.4499    0.5168    0.0924   -0.3617   -0.1120    0.1098    0.2061
   11.1238   -2.3181    0.4871   -0.4422   -0.3688    0.1933    0.1759   -0.3378   -0.0549    0.1478    0.2067
   -4.6724    1.9407    2.5147   -0.3464    0.4127   -0.7007    0.1749   -0.0504    0.1032    0.2060    0.1889
    2.1576   -1.1430   -2.6151    0.6752    0.5271   -0.5107   -0.0404    0.3072    0.2079    0.2068    0.1527
   -0.5258    0.3229    1.0232   -0.3343   -0.5928    0.8488   -0.2947    0.5266    0.2234    0.1520    0.0942
 --------------------------
 
 ------KINETIC MATRIX------
 1805.1210  259.7664   25.1658    2.8413    0.3699    0.1342    0.0037    0.0018    0.0003    0.0000    0.0000
  259.7664  270.3686   68.2151   10.3725    1.4748    0.5448    0.0152    0.0074    0.0011    0.0002    0.0000
   25.1658   68.2151   61.2001   19.9438    3.8380    1.5168    0.0458    0.0223    0.0033    0.0006    0.0000
    2.8413   10.3725   19.9438   17.0048    6.2849    2.9916    0.1150    0.0567    0.0085    0.0015    0.0001
    0.3699    1.4748    3.8380    6.2849    5.2552    3.5415    0.2465    0.1264    0.0200    0.0035    0.0003
    0.1342    0.5448    1.5168    2.9916    3.5415    2.9390    0.3354    0.1792    0.0301    0.0053    0.0005
    0.0037    0.0152    0.0458    0.1150    0.2465    0.3354    0.3750    0.2890    0.0917    0.0211    0.0021
    0.0018    0.0074    0.0223    0.0567    0.1264    0.1792    0.2890    0.2478    0.1002    0.0262    0.0029
    0.0003    0.0011    0.0033    0.0085    0.0200    0.0301    0.0917    0.1002    0.0828    0.0366    0.0056
    0.0000    0.0002    0.0006    0.0015    0.0035    0.0053    0.0211    0.0262    0.0366    0.0300    0.0086
    0.0000    0.0000    0.0000    0.0001    0.0003    0.0005    0.0021    0.0029    0.0056    0.0086    0.0075
 --------------------------
 
 ------POTENTIAL MATRIX------
 -110.7153  -46.3672  -16.9216   -6.6331   -2.7672   -1.7919   -0.3831   -0.2808   -0.1234   -0.0576   -0.0204
  -46.3672  -42.8482  -22.9320  -10.1259   -4.3760   -2.8540   -0.6151   -0.4510   -0.1984   -0.0926   -0.0328
  -16.9216  -22.9320  -20.3859  -12.2108   -5.9561   -3.9910   -0.8875   -0.6518   -0.2873   -0.1343   -0.0475
   -6.6331  -10.1259  -12.2108  -10.7458   -6.8050   -4.9120   -1.2033   -0.8885   -0.3943   -0.1847   -0.0654
   -2.7672   -4.3760   -5.9561   -6.8050   -5.9738   -4.9553   -1.5397   -1.1545   -0.5232   -0.2467   -0.0876
   -1.7919   -2.8540   -3.9910   -4.9120   -4.9553   -4.4674   -1.6916   -1.2893   -0.5977   -0.2840   -0.1012
   -0.3831   -0.6151   -0.8875   -1.2033   -1.5397   -1.6916   -1.5958   -1.4084   -0.8423   -0.4445   -0.1664
   -0.2808   -0.4510   -0.6518   -0.8885   -1.1545   -1.2893   -1.4084   -1.2972   -0.8548   -0.4750   -0.1827
   -0.1234   -0.1984   -0.2873   -0.3943   -0.5232   -0.5977   -0.8423   -0.8548   -0.7500   -0.5141   -0.2270
   -0.0576   -0.0926   -0.1343   -0.1847   -0.2467   -0.2840   -0.4445   -0.4750   -0.5141   -0.4514   -0.2553
   -0.0204   -0.0328   -0.0475   -0.0654   -0.0876   -0.1012   -0.1664   -0.1827   -0.2270   -0.2553   -0.2257
 --------------------------
 
 ------H_CORE MATRIX------
 1694.4057  213.3992    8.2442   -3.7918   -2.3973   -1.6576   -0.3794   -0.2790   -0.1232   -0.0576   -0.0204
  213.3992  227.5204   45.2831    0.2466   -2.9012   -2.3092   -0.5999   -0.4436   -0.1973   -0.0925   -0.0327
    8.2442   45.2831   40.8142    7.7330   -2.1181   -2.4741   -0.8417   -0.6295   -0.2840   -0.1337   -0.0474
   -3.7918    0.2466    7.7330    6.2590   -0.5202   -1.9203   -1.0884   -0.8318   -0.3858   -0.1832   -0.0653
   -2.3973   -2.9012   -2.1181   -0.5202   -0.7186   -1.4138   -1.2931   -1.0281   -0.5032   -0.2432   -0.0873
   -1.6576   -2.3092   -2.4741   -1.9203   -1.4138   -1.5284   -1.3562   -1.1102   -0.5677   -0.2787   -0.1007
   -0.3794   -0.5999   -0.8417   -1.0884   -1.2931   -1.3562   -1.2208   -1.1194   -0.7506   -0.4235   -0.1643
   -0.2790   -0.4436   -0.6295   -0.8318   -1.0281   -1.1102   -1.1194   -1.0494   -0.7546   -0.4488   -0.1799
   -0.1232   -0.1973   -0.2840   -0.3858   -0.5032   -0.5677   -0.7506   -0.7546   -0.6672   -0.4775   -0.2214
   -0.0576   -0.0925   -0.1337   -0.1832   -0.2432   -0.2787   -0.4235   -0.4488   -0.4775   -0.4214   -0.2467
   -0.0204   -0.0327   -0.0474   -0.0653   -0.0873   -0.1007   -0.1643   -0.1799   -0.2214   -0.2467   -0.2182
 --------------------------
 
 ------DENSITY MATRIX------
    0.0000    0.0000    0.0000    0.0000    0.0000    0.0000    0.0000    0.0000    0.0000    0.0000    0.0000
    0.0000    0.0000    0.0000    0.0000    0.0000    0.0000    0.0000    0.0000    0.0000    0.0000    0.0000
    0.0000    0.0000    0.0000    0.0000    0.0000    0.0000    0.0000    0.0000    0.0000    0.0000    0.0000
    0.0000    0.0000    0.0000    0.0000    0.0000    0.0000    0.0000    0.0000    0.0000    0.0000    0.0000
    0.0000    0.0000    0.0000    0.0000    0.0000    0.0000    0.0000    0.0000    0.0000    0.0000    0.0000
    0.0000    0.0000    0.0000    0.0000    0.0000    0.0000    0.0000    0.0000    0.0000    0.0000    0.0000
    0.0000    0.0000    0.0000    0.0000    0.0000    0.0000    0.0000    0.0000    0.0000    0.0000    0.0000
    0.0000    0.0000    0.0000    0.0000    0.0000    0.0000    0.0000    0.0000    0.0000    0.0000    0.0000
    0.0000    0.0000    0.0000    0.0000    0.0000    0.0000    0.0000    0.0000    0.0000    0.0000    0.0000
    0.0000    0.0000    0.0000    0.0000    0.0000    0.0000    0.0000    0.0000    0.0000    0.0000    0.0000
    0.0000    0.0000    0.0000    0.0000    0.0000    0.0000    0.0000    0.0000    0.0000    0.0000    0.0000
 --------------------------
 
 ------G MATRIX------
    0.0000    0.0000    0.0000    0.0000    0.0000    0.0000    0.0000    0.0000    0.0000    0.0000    0.0000
    0.0000    0.0000    0.0000    0.0000    0.0000    0.0000    0.0000    0.0000    0.0000    0.0000    0.0000
    0.0000    0.0000    0.0000    0.0000    0.0000    0.0000    0.0000    0.0000    0.0000    0.0000    0.0000
    0.0000    0.0000    0.0000    0.0000    0.0000    0.0000    0.0000    0.0000    0.0000    0.0000    0.0000
    0.0000    0.0000    0.0000    0.0000    0.0000    0.0000    0.0000    0.0000    0.0000    0.0000    0.0000
    0.0000    0.0000    0.0000    0.0000    0.0000    0.0000    0.0000    0.0000    0.0000    0.0000    0.0000
    0.0000    0.0000    0.0000    0.0000    0.0000    0.0000    0.0000    0.0000    0.0000    0.0000    0.0000
    0.0000    0.0000    0.0000    0.0000    0.0000    0.0000    0.0000    0.0000    0.0000    0.0000    0.0000
    0.0000    0.0000    0.0000    0.0000    0.0000    0.0000    0.0000    0.0000    0.0000    0.0000    0.0000
    0.0000    0.0000    0.0000    0.0000    0.0000    0.0000    0.0000    0.0000    0.0000    0.0000    0.0000
    0.0000    0.0000    0.0000    0.0000    0.0000    0.0000    0.0000    0.0000    0.0000    0.0000    0.0000
 --------------------------
 
 ------F MATRIX------
 1694.4057  213.3992    8.2442   -3.7918   -2.3973   -1.6576   -0.3794   -0.2790   -0.1232   -0.0576   -0.0204
  213.3992  227.5204   45.2831    0.2466   -2.9012   -2.3092   -0.5999   -0.4436   -0.1973   -0.0925   -0.0327
    8.2442   45.2831   40.8142    7.7330   -2.1181   -2.4741   -0.8417   -0.6295   -0.2840   -0.1337   -0.0474
   -3.7918    0.2466    7.7330    6.2590   -0.5202   -1.9203   -1.0884   -0.8318   -0.3858   -0.1832   -0.0653
   -2.3973   -2.9012   -2.1181   -0.5202   -0.7186   -1.4138   -1.2931   -1.0281   -0.5032   -0.2432   -0.0873
   -1.6576   -2.3092   -2.4741   -1.9203   -1.4138   -1.5284   -1.3562   -1.1102   -0.5677   -0.2787   -0.1007
   -0.3794   -0.5999   -0.8417   -1.0884   -1.2931   -1.3562   -1.2208   -1.1194   -0.7506   -0.4235   -0.1643
   -0.2790   -0.4436   -0.6295   -0.8318   -1.0281   -1.1102   -1.1194   -1.0494   -0.7546   -0.4488   -0.1799
   -0.1232   -0.1973   -0.2840   -0.3858   -0.5032   -0.5677   -0.7506   -0.7546   -0.6672   -0.4775   -0.2214
   -0.0576   -0.0925   -0.1337   -0.1832   -0.2432   -0.2787   -0.4235   -0.4488   -0.4775   -0.4214   -0.2467
   -0.0204   -0.0327   -0.0474   -0.0653   -0.0873   -0.1007   -0.1643   -0.1799   -0.2214   -0.2467   -0.2182
 --------------------------
 
 ------XF MATRIX------
    9.6760   22.8915  -12.4074  -39.9051   34.5275   24.3074   28.7165   11.4522  -10.9837    2.7699   -0.7174
   22.8915   62.2602  -37.9334 -123.6784  107.6893   76.0861   90.3682   35.8829  -34.1644    8.7630   -2.4842
  -12.4074  -37.9334   27.5895   98.0058  -96.3776  -68.9483  -82.5630  -32.9514   31.6816   -8.0427    2.1398
  -39.9051 -123.6784   98.0058  367.3226 -400.4884 -291.1809 -357.0434 -144.1382  139.6909  -35.1965    8.9657
   34.5275  107.6893  -96.3776 -400.4884  558.9897  432.6572  610.2170  261.6996 -261.9846   68.1043  -17.8851
   24.3074   76.0861  -68.9483 -291.1809  432.6572  341.5894  508.8419  224.7265 -229.1966   60.8714  -16.2593
   28.7165   90.3682  -82.5630 -357.0434  610.2170  508.8419  888.7001  435.6603 -482.1930  140.3641  -39.0171
   11.4522   35.8829  -32.9514 -144.1382  261.6996  224.7265  435.6603  231.1165 -274.2739   87.2924  -25.4478
  -10.9837  -34.1644   31.6816  139.6909 -261.9846 -229.1966 -482.1930 -274.2739  344.7631 -118.9088   36.8703
    2.7699    8.7630   -8.0427  -35.1965   68.1043   60.8714  140.3641   87.2924 -118.9088   44.2945  -14.0825
   -0.7174   -2.4842    2.1398    8.9657  -17.8851  -16.2593  -39.0171  -25.4478   36.8703  -14.0825    3.1686
 --------------------------
 
 auto valores
  -1.98163447607175      -0.496023942674156      -0.220989634238835     
 -0.120680604721106      -1.556320478568362E-002  0.900874175924627     
   6.51874623312432        24.8386224586493        92.1374828624691     
   395.354834709668        2362.55436108905     
 ------XCOEFF MATRIX------
   -0.0767    0.0869   -0.0689    0.0690   -0.4320    0.7084    0.4225    0.2821   -0.1564   -0.0729    0.0272
    0.0946   -0.0702    0.0347   -0.0358    0.3889   -0.3184    0.3777    0.5940   -0.4249   -0.2189    0.0846
   -0.0785    0.1886   -0.3657    0.3153    0.7070    0.3363    0.1686   -0.0964    0.2074    0.1611   -0.0740
    0.1077   -0.1277    0.1980   -0.1933   -0.0696   -0.1596    0.4704    0.1787    0.4516    0.5604   -0.3066
    0.0343    0.0092    0.2142   -0.5018    0.1967    0.1224    0.3492   -0.3285    0.2810   -0.3576    0.4590
    0.1712   -0.2677   -0.0621    0.6833   -0.2130   -0.2424    0.2561   -0.0662    0.3005   -0.1658    0.3692
   -0.1717    0.2637   -0.2799   -0.1623   -0.0837   -0.0755   -0.2572    0.4545    0.2670    0.2870    0.5977
   -0.1306   -0.1518    0.7405    0.2534    0.2215    0.2617   -0.1838    0.0701   -0.1249    0.3069    0.2852
   -0.3921    0.2981    0.3056    0.1429    0.0083   -0.0587   -0.0978    0.3049    0.4539   -0.4833   -0.3130
   -0.2075    0.6937    0.1468    0.1554   -0.1302   -0.3037    0.3251   -0.3067   -0.2745    0.1932    0.0916
    0.8329    0.4486    0.1725    0.0576    0.0163    0.1207   -0.1628    0.1252    0.1024   -0.0624   -0.0258
 --------------------------
 
 ------COEFF MATRIX------
    0.0003   -0.0001    0.0001    0.0000    0.0001    0.0001   -0.0014   -0.0014    0.0152    0.0673   -1.2629
    0.0039   -0.0015    0.0008   -0.0004    0.0010    0.0044    0.0039    0.0432   -0.1409   -1.5981    1.0058
    0.0103   -0.0031    0.0017   -0.0011    0.0033   -0.0022   -0.0945   -0.2040    1.9965    1.7383   -0.6590
    0.1029   -0.0417    0.0226   -0.0123    0.0265    0.1447    0.2758    2.4804   -2.6712   -1.3141    0.4686
   -0.0426    0.0400   -0.0209    0.0073    0.0051   -0.4556   -3.9747   -4.9354    2.8410    1.2458   -0.4512
    0.6266   -0.3204    0.1799   -0.0970    0.2020    1.4907    4.2467    3.4362   -1.7611   -0.7707    0.2816
    1.2317   -1.1204    0.8980   -0.7354    2.8264   -7.6503   -3.7259   -1.8238    0.8807    0.3947   -0.1464
   -0.9609    1.4988   -1.4629    1.3196   -5.5516    8.6424    3.6556    1.7632   -0.8540   -0.3837    0.1425
    0.2521    0.4799   -0.4588   -0.2016    4.7571   -2.8789   -1.0248   -0.4907    0.2394    0.1080   -0.0402
   -0.0954    0.0465    1.4053   -1.2235   -3.0114    1.1205    0.3857    0.1852   -0.0907   -0.0410    0.0152
    0.0207   -0.0087    0.0066    1.4591    0.9270   -0.2441   -0.0832   -0.0401    0.0196    0.0089   -0.0033
 --------------------------
 
 ------NEW DENSITY MATRIX------
    0.0000    0.0000    0.0000    0.0001    0.0000    0.0004    0.0008   -0.0006    0.0002   -0.0001    0.0000
    0.0000    0.0000    0.0001    0.0008   -0.0003    0.0049    0.0097   -0.0076    0.0020   -0.0008    0.0002
    0.0000    0.0001    0.0002    0.0021   -0.0009    0.0129    0.0254   -0.0198    0.0052   -0.0020    0.0004
    0.0001    0.0008    0.0021    0.0212   -0.0088    0.1290    0.2535   -0.1978    0.0519   -0.0196    0.0043
    0.0000   -0.0003   -0.0009   -0.0088    0.0036   -0.0533   -0.1048    0.0818   -0.0215    0.0081   -0.0018
    0.0004    0.0049    0.0129    0.1290   -0.0533    0.7852    1.5436   -1.2042    0.3159   -0.1196    0.0259
    0.0008    0.0097    0.0254    0.2535   -0.1048    1.5436    3.0342   -2.3671    0.6210   -0.2351    0.0510
   -0.0006   -0.0076   -0.0198   -0.1978    0.0818   -1.2042   -2.3671    1.8466   -0.4845    0.1834   -0.0398
    0.0002    0.0020    0.0052    0.0519   -0.0215    0.3159    0.6210   -0.4845    0.1271   -0.0481    0.0104
   -0.0001   -0.0008   -0.0020   -0.0196    0.0081   -0.1196   -0.2351    0.1834   -0.0481    0.0182   -0.0039
    0.0000    0.0002    0.0004    0.0043   -0.0018    0.0259    0.0510   -0.0398    0.0104   -0.0039    0.0009
 --------------------------
 
 Energia Total:  -3.96326895214342     
 ------G MATRIX------
    0.0238    0.0464    0.0619    0.0690    0.0657    0.0598    0.0279    0.0221    0.0110    0.0054    0.0019
    0.0464    0.1318    0.2110    0.2498    0.2426    0.2218    0.1040    0.0826    0.0412    0.0202    0.0073
    0.0619    0.2110    0.4236    0.5732    0.5894    0.5466    0.2613    0.2078    0.1037    0.0509    0.0184
    0.0690    0.2498    0.5732    0.9015    1.0238    0.9781    0.4891    0.3903    0.1957    0.0961    0.0347
    0.0657    0.2426    0.5894    1.0238    1.2905    1.2844    0.6916    0.5551    0.2806    0.1383    0.0500
    0.0598    0.2218    0.5466    0.9781    1.2844    1.3040    0.7332    0.5907    0.3003    0.1483    0.0537
    0.0279    0.1040    0.2613    0.4891    0.6916    0.7332    0.4673    0.3817    0.1982    0.0987    0.0358
    0.0221    0.0826    0.2078    0.3903    0.5551    0.5907    0.3817    0.3123    0.1626    0.0810    0.0294
    0.0110    0.0412    0.1037    0.1957    0.2806    0.3003    0.1982    0.1626    0.0850    0.0425    0.0154
    0.0054    0.0202    0.0509    0.0961    0.1383    0.1483    0.0987    0.0810    0.0425    0.0212    0.0077
    0.0019    0.0073    0.0184    0.0347    0.0500    0.0537    0.0358    0.0294    0.0154    0.0077    0.0028
 --------------------------
 
 ------F MATRIX------
 1694.4295  213.4456    8.3061   -3.7228   -2.3316   -1.5978   -0.3515   -0.2569   -0.1122   -0.0522   -0.0184
  213.4456  227.6522   45.4942    0.4964   -2.6585   -2.0874   -0.4959   -0.3610   -0.1561   -0.0723   -0.0255
    8.3061   45.4942   41.2377    8.3062   -1.5287   -1.9275   -0.5805   -0.4217   -0.1803   -0.0828   -0.0291
   -3.7228    0.4964    8.3062    7.1604    0.5036   -0.9423   -0.5993   -0.4415   -0.1901   -0.0871   -0.0305
   -2.3316   -2.6585   -1.5287    0.5036    0.5719   -0.1293   -0.6016   -0.4731   -0.2225   -0.1050   -0.0373
   -1.5978   -2.0874   -1.9275   -0.9423   -0.1293   -0.2244   -0.6230   -0.5195   -0.2674   -0.1304   -0.0470
   -0.3515   -0.4959   -0.5805   -0.5993   -0.6016   -0.6230   -0.7535   -0.7377   -0.5524   -0.3248   -0.1284
   -0.2569   -0.3610   -0.4217   -0.4415   -0.4731   -0.5195   -0.7377   -0.7371   -0.5920   -0.3678   -0.1504
   -0.1122   -0.1561   -0.1803   -0.1901   -0.2225   -0.2674   -0.5524   -0.5920   -0.5821   -0.4350   -0.2060
   -0.0522   -0.0723   -0.0828   -0.0871   -0.1050   -0.1304   -0.3248   -0.3678   -0.4350   -0.4001   -0.2390
   -0.0184   -0.0255   -0.0291   -0.0305   -0.0373   -0.0470   -0.1284   -0.1504   -0.2060   -0.2390   -0.2154
 --------------------------
 
 ------XF MATRIX------
    9.6827   22.8961  -12.4050  -39.9054   34.5245   24.3019   28.7249   11.4554  -10.9676    2.7800   -0.7493
   22.8961   62.2963  -37.9463 -123.6646  107.6826   76.1000   90.3632   35.8699  -34.1875    8.7529   -2.4301
  -12.4050  -37.9463   27.5991   98.0103  -96.3711  -68.9514  -82.5586  -32.9476   31.6986   -8.0307    2.1014
  -39.9054 -123.6646   98.0103  367.3821 -400.4717 -291.1431 -357.0529 -144.1657  139.6689  -35.1931    9.0189
   34.5245  107.6826  -96.3711 -400.4717  559.0364  432.6905  610.1690  261.6785 -262.0229   68.1102  -17.8434
   24.3019   76.1000  -68.9514 -291.1431  432.6905  341.6374  508.8098  224.6870 -229.2333   60.8837  -16.1915
   28.7249   90.3632  -82.5586 -357.0529  610.1690  508.8098  888.8110  435.6736 -482.0543  140.4095  -39.1940
   11.4554   35.8699  -32.9476 -144.1657  261.6785  224.6870  435.6736  231.1715 -274.2882   87.2045  -25.4016
  -10.9676  -34.1875   31.6986  139.6689 -262.0229 -229.2333 -482.0543 -274.2882  345.0170 -118.7424   36.4735
    2.7800    8.7529   -8.0307  -35.1931   68.1102   60.8837  140.4095   87.2045 -118.7424   44.6626  -14.5602
   -0.7493   -2.4301    2.1014    9.0189  -17.8434  -16.1915  -39.1940  -25.4016   36.4735  -14.5602    4.0361
 --------------------------
 
 auto valores
 -0.866067791050045      -0.409005408550476      -0.199700823784082     
 -0.114317567212088       2.364777572711196E-002   1.06973036168674     
   6.69839214563878        24.9694747261360        92.2125487821879     
   395.385170743534        2362.56219541055     
 ------XCOEFF MATRIX------
   -0.0564    0.0865   -0.0533    0.0436   -0.5206    0.6577    0.4145    0.2807   -0.1562   -0.0729    0.0272
    0.0569   -0.0651    0.0141   -0.0036    0.4399   -0.2589    0.3816    0.5923   -0.4246   -0.2189    0.0846
   -0.0520    0.2144   -0.4607    0.4779    0.5379    0.3335    0.1621   -0.0969    0.2074    0.1610   -0.0740
    0.0529   -0.1215    0.2155   -0.2417    0.0287   -0.1126    0.4700    0.1763    0.4517    0.5604   -0.3066
   -0.0371    0.1125    0.1039   -0.4838    0.2664    0.1677    0.3404   -0.3298    0.2808   -0.3576    0.4590
    0.1480   -0.4130    0.1434    0.6081   -0.2067   -0.2215    0.2584   -0.0678    0.3004   -0.1658    0.3692
   -0.0299    0.2328   -0.3362   -0.1164   -0.1460   -0.1370   -0.2457    0.4548    0.2672    0.2870    0.5977
   -0.2875    0.0912    0.7029    0.2121    0.2418    0.2803   -0.1916    0.0717   -0.1248    0.3069    0.2852
   -0.2715    0.4430    0.2225    0.1510   -0.0593   -0.1295   -0.0849    0.3041    0.4541   -0.4833   -0.3130
    0.1018    0.6680    0.0778    0.1607   -0.1998   -0.3720    0.3408   -0.3096   -0.2748    0.1932    0.0916
    0.8928    0.1981    0.2105    0.0162    0.0917    0.2165   -0.1798    0.1276    0.1025   -0.0624   -0.0258
 --------------------------
 
 ------COEFF MATRIX------
    0.0002   -0.0002    0.0001    0.0000    0.0001    0.0002   -0.0014   -0.0014    0.0152    0.0673   -1.2629
    0.0024   -0.0019    0.0010   -0.0006    0.0014    0.0051    0.0039    0.0433   -0.1409   -1.5981    1.0058
    0.0070   -0.0045    0.0024   -0.0014    0.0049   -0.0023   -0.0955   -0.2046    1.9964    1.7383   -0.6590
    0.0593   -0.0486    0.0278   -0.0152    0.0359    0.1658    0.2819    2.4809   -2.6699   -1.3140    0.4686
   -0.0225    0.0426   -0.0272    0.0125    0.0025   -0.5493   -3.9860   -4.9181    2.8387    1.2457   -0.4512
    0.3132   -0.3244    0.1970   -0.1088    0.2450    1.7039    4.2109    3.4204   -1.7595   -0.7706    0.2816
    1.0824   -1.4371    1.0697   -0.7879    3.9549   -7.1216   -3.6330   -1.8129    0.8798    0.3946   -0.1464
   -0.4598    1.2758   -1.2092    1.0555   -6.8140    7.9015    3.5614    1.7527   -0.8532   -0.3837    0.1425
    0.2769    0.6434   -1.0301    0.4698    4.8158   -2.5605   -0.9978   -0.4878    0.2391    0.1080   -0.0402
   -0.0965    0.1676    1.5248   -1.7433   -2.7267    0.9891    0.3755    0.1841   -0.0906   -0.0410    0.0152
    0.0212   -0.0251    0.0998    1.5544    0.7586   -0.2149   -0.0810   -0.0398    0.0196    0.0089   -0.0033
 --------------------------
 
 ------NEW DENSITY MATRIX------
    0.0000    0.0000    0.0000    0.0000    0.0000    0.0001    0.0005   -0.0002    0.0001    0.0000    0.0000
    0.0000    0.0000    0.0000    0.0003   -0.0001    0.0015    0.0052   -0.0022    0.0013   -0.0005    0.0001
    0.0000    0.0000    0.0001    0.0008   -0.0003    0.0044    0.0151   -0.0064    0.0039   -0.0013    0.0003
    0.0000    0.0003    0.0008    0.0070   -0.0027    0.0371    0.1283   -0.0545    0.0328   -0.0114    0.0025
    0.0000   -0.0001   -0.0003   -0.0027    0.0010   -0.0141   -0.0486    0.0207   -0.0124    0.0043   -0.0010
    0.0001    0.0015    0.0044    0.0371   -0.0141    0.1962    0.6780   -0.2880    0.1735   -0.0605    0.0133
    0.0005    0.0052    0.0151    0.1283   -0.0486    0.6780    2.3431   -0.9953    0.5995   -0.2089    0.0459
   -0.0002   -0.0022   -0.0064   -0.0545    0.0207   -0.2880   -0.9953    0.4228   -0.2546    0.0887   -0.0195
    0.0001    0.0013    0.0039    0.0328   -0.0124    0.1735    0.5995   -0.2546    0.1534   -0.0535    0.0117
    0.0000   -0.0005   -0.0013   -0.0114    0.0043   -0.0605   -0.2089    0.0887   -0.0535    0.0186   -0.0041
    0.0000    0.0001    0.0003    0.0025   -0.0010    0.0133    0.0459   -0.0195    0.0117   -0.0041    0.0009
 --------------------------
 
 Energia Total:  -2.66588774529823     
 ------G MATRIX------
    0.0181    0.0352    0.0471    0.0528    0.0509    0.0469    0.0235    0.0190    0.0099    0.0049    0.0018
    0.0352    0.1003    0.1608    0.1914    0.1883    0.1741    0.0879    0.0711    0.0369    0.0185    0.0068
    0.0471    0.1608    0.3236    0.4404    0.4589    0.4306    0.2220    0.1798    0.0936    0.0470    0.0172
    0.0528    0.1914    0.4404    0.6978    0.8047    0.7787    0.4218    0.3430    0.1796    0.0904    0.0331
    0.0509    0.1883    0.4589    0.8047    1.0345    1.0461    0.6173    0.5061    0.2684    0.1358    0.0498
    0.0469    0.1741    0.4306    0.7787    1.0461    1.0816    0.6739    0.5557    0.2976    0.1512    0.0556
    0.0235    0.0879    0.2220    0.4218    0.6173    0.6739    0.5083    0.4308    0.2424    0.1259    0.0468
    0.0190    0.0711    0.1798    0.3430    0.5061    0.5557    0.4308    0.3669    0.2084    0.1088    0.0405
    0.0099    0.0369    0.0936    0.1796    0.2684    0.2976    0.2424    0.2084    0.1206    0.0636    0.0238
    0.0049    0.0185    0.0470    0.0904    0.1358    0.1512    0.1259    0.1088    0.0636    0.0337    0.0126
    0.0018    0.0068    0.0172    0.0331    0.0498    0.0556    0.0468    0.0405    0.0238    0.0126    0.0048
 --------------------------
 
 ------F MATRIX------
 1694.4238  213.4345    8.2913   -3.7390   -2.3464   -1.6107   -0.3559   -0.2600   -0.1133   -0.0526   -0.0186
  213.4345  227.6206   45.4440    0.4379   -2.7129   -2.1351   -0.5120   -0.3725   -0.1604   -0.0740   -0.0260
    8.2913   45.4440   41.1377    8.1734   -1.6592   -2.0436   -0.6198   -0.4497   -0.1904   -0.0867   -0.0303
   -3.7390    0.4379    8.1734    6.9568    0.2845   -1.1417   -0.6666   -0.4887   -0.2062   -0.0928   -0.0322
   -2.3464   -2.7129   -1.6592    0.2845    0.3160   -0.3677   -0.6759   -0.5220   -0.2348   -0.1075   -0.0374
   -1.6107   -2.1351   -2.0436   -1.1417   -0.3677   -0.4468   -0.6823   -0.5544   -0.2700   -0.1275   -0.0451
   -0.3559   -0.5120   -0.6198   -0.6666   -0.6759   -0.6823   -0.7125   -0.6886   -0.5082   -0.2975   -0.1174
   -0.2600   -0.3725   -0.4497   -0.4887   -0.5220   -0.5544   -0.6886   -0.6825   -0.5463   -0.3400   -0.1393
   -0.1133   -0.1604   -0.1904   -0.2062   -0.2348   -0.2700   -0.5082   -0.5463   -0.5465   -0.4140   -0.1976
   -0.0526   -0.0740   -0.0867   -0.0928   -0.1075   -0.1275   -0.2975   -0.3400   -0.4140   -0.3877   -0.2341
   -0.0186   -0.0260   -0.0303   -0.0322   -0.0374   -0.0451   -0.1174   -0.1393   -0.1976   -0.2341   -0.2134
 --------------------------
 
 ------XF MATRIX------
    9.6833   22.8945  -12.4036  -39.9058   34.5266   24.3007   28.7228   11.4586  -10.9685    2.7761   -0.7507
   22.8945   62.2932  -37.9455 -123.6641  107.6842   76.1013   90.3626   35.8680  -34.1874    8.7559   -2.4301
  -12.4036  -37.9455   27.5995   98.0077  -96.3710  -68.9545  -82.5594  -32.9428   31.6991   -8.0354    2.0973
  -39.9058 -123.6641   98.0077  367.3718 -400.4748 -291.1475 -357.0530 -144.1639  139.6685  -35.1934    9.0191
   34.5266  107.6842  -96.3710 -400.4748  559.0275  432.6815  610.1789  261.6866 -262.0129   68.1070  -17.8594
   24.3007   76.1013  -68.9545 -291.1475  432.6815  341.6343  508.8149  224.6852 -229.2356   60.8835  -16.1780
   28.7228   90.3626  -82.5594 -357.0530  610.1789  508.8149  888.7869  435.6726 -482.0837  140.3987  -39.1584
   11.4586   35.8680  -32.9428 -144.1639  261.6866  224.6852  435.6726  231.1756 -274.2689   87.2208  -25.4593
  -10.9685  -34.1874   31.6991  139.6685 -262.0129 -229.2356 -482.0837 -274.2689  344.9715 -118.7874   36.5273
    2.7761    8.7559   -8.0354  -35.1934   68.1070   60.8835  140.3987   87.2208 -118.7874   44.5740  -14.4285
   -0.7507   -2.4301    2.0973    9.0191  -17.8594  -16.1780  -39.1584  -25.4593   36.5273  -14.4285    3.9489
 --------------------------
 
 auto valores
 -0.933378674334429      -0.440188480864749      -0.207281560901310     
 -0.116520218014548       1.016335297868659E-002   1.02145659586675     
   6.65879268602149        24.9399242878461        92.1950973083774     
   395.377997291180        2362.56032798276     
 ------XCOEFF MATRIX------
   -0.0808    0.0861   -0.0586    0.0518   -0.4915    0.6751    0.4163    0.2810   -0.1563   -0.0729    0.0272
    0.0843   -0.0652    0.0205   -0.0139    0.4232   -0.2777    0.3809    0.5927   -0.4247   -0.2189    0.0846
   -0.0810    0.2099   -0.4313    0.4230    0.5997    0.3381    0.1636   -0.0968    0.2074    0.1610   -0.0740
    0.0896   -0.1251    0.2109   -0.2252   -0.0057   -0.1282    0.4704    0.1769    0.4516    0.5604   -0.3066
   -0.0073    0.0707    0.1482   -0.4929    0.2494    0.1560    0.3428   -0.3295    0.2809   -0.3576    0.4590
    0.1809   -0.3547    0.0628    0.6397   -0.2215   -0.2324    0.2583   -0.0673    0.3005   -0.1658    0.3692
   -0.1074    0.2481   -0.3166   -0.1339   -0.1226   -0.1179   -0.2491    0.4547    0.2672    0.2870    0.5977
   -0.2220   -0.0216    0.7277    0.2236    0.2445    0.2803   -0.1899    0.0713   -0.1248    0.3069    0.2852
   -0.3470    0.3756    0.2610    0.1441   -0.0265   -0.1033   -0.0890    0.3043    0.4540   -0.4833   -0.3130
   -0.0609    0.6897    0.1018    0.1584   -0.1767   -0.3524    0.3364   -0.3088   -0.2747    0.1932    0.0916
    0.8684    0.3449    0.1771    0.0408    0.0423    0.1753   -0.1738    0.1270    0.1025   -0.0624   -0.0258
 --------------------------
 
 ------COEFF MATRIX------
    0.0003   -0.0001    0.0001    0.0000    0.0001    0.0002   -0.0014   -0.0014    0.0152    0.0673   -1.2629
    0.0032   -0.0016    0.0009   -0.0005    0.0012    0.0049    0.0039    0.0433   -0.1409   -1.5981    1.0058
    0.0086   -0.0036    0.0020   -0.0012    0.0042   -0.0024   -0.0952   -0.2044    1.9964    1.7383   -0.6590
    0.0800   -0.0431    0.0245   -0.0133    0.0310    0.1591    0.2805    2.4808   -2.6702   -1.3140    0.4686
   -0.0377    0.0414   -0.0245    0.0103    0.0041   -0.5233   -3.9836   -4.9225    2.8393    1.2457   -0.4512
    0.4673   -0.3088    0.1837   -0.0998    0.2222    1.6404    4.2217    3.4243   -1.7600   -0.7706    0.2816
    1.3421   -1.2950    0.9978   -0.7581    3.5548   -7.3158   -3.6527   -1.8153    0.8800    0.3946   -0.1464
   -0.8895    1.3751   -1.3096    1.1439   -6.4081    8.1461    3.5816    1.7550   -0.8534   -0.3837    0.1425
    0.2846    0.6107   -0.8376    0.2417    4.8208   -2.6561   -1.0035   -0.4885    0.2392    0.1080   -0.0402
   -0.1106    0.1020    1.5052   -1.5739   -2.8270    1.0275    0.3777    0.1844   -0.0906   -0.0410    0.0152
    0.0245   -0.0159    0.0581    1.5288    0.8108   -0.2233   -0.0815   -0.0399    0.0196    0.0089   -0.0033
 --------------------------
 
 ------NEW DENSITY MATRIX------
    0.0000    0.0000    0.0000    0.0000    0.0000    0.0003    0.0007   -0.0005    0.0002   -0.0001    0.0000
    0.0000    0.0000    0.0001    0.0005   -0.0002    0.0030    0.0085   -0.0056    0.0018   -0.0007    0.0002
    0.0000    0.0001    0.0001    0.0014   -0.0007    0.0081    0.0232   -0.0154    0.0049   -0.0019    0.0004
    0.0000    0.0005    0.0014    0.0128   -0.0060    0.0748    0.2148   -0.1423    0.0455   -0.0177    0.0039
    0.0000   -0.0002   -0.0007   -0.0060    0.0028   -0.0353   -0.1013    0.0672   -0.0215    0.0083   -0.0019
    0.0003    0.0030    0.0081    0.0748   -0.0353    0.4368    1.2544   -0.8314    0.2660   -0.1033    0.0229
    0.0007    0.0085    0.0232    0.2148   -0.1013    1.2544    3.6026   -2.3877    0.7638   -0.2968    0.0659
   -0.0005   -0.0056   -0.0154   -0.1423    0.0672   -0.8314   -2.3877    1.5826   -0.5063    0.1967   -0.0437
    0.0002    0.0018    0.0049    0.0455   -0.0215    0.2660    0.7638   -0.5063    0.1619   -0.0629    0.0140
   -0.0001   -0.0007   -0.0019   -0.0177    0.0083   -0.1033   -0.2968    0.1967   -0.0629    0.0245   -0.0054
    0.0000    0.0002    0.0004    0.0039   -0.0019    0.0229    0.0659   -0.0437    0.0140   -0.0054    0.0012
 --------------------------
 
 Energia Total:  -2.80291165580105     
 ------G MATRIX------
    0.0171    0.0335    0.0448    0.0503    0.0488    0.0452    0.0232    0.0188    0.0098    0.0049    0.0018
    0.0335    0.0952    0.1529    0.1824    0.1806    0.1678    0.0868    0.0705    0.0368    0.0185    0.0068
    0.0448    0.1529    0.3080    0.4204    0.4409    0.4159    0.2196    0.1786    0.0935    0.0470    0.0172
    0.0503    0.1824    0.4204    0.6687    0.7767    0.7557    0.4192    0.3422    0.1802    0.0908    0.0333
    0.0488    0.1806    0.4409    0.7767    1.0070    1.0242    0.6189    0.5090    0.2712    0.1374    0.0504
    0.0452    0.1678    0.4159    0.7557    1.0242    1.0656    0.6796    0.5620    0.3021    0.1536    0.0565
    0.0232    0.0868    0.2196    0.4192    0.6189    0.6796    0.5207    0.4413    0.2476    0.1283    0.0476
    0.0188    0.0705    0.1786    0.3422    0.5090    0.5620    0.4413    0.3756    0.2124    0.1104    0.0410
    0.0098    0.0368    0.0935    0.1802    0.2712    0.3021    0.2476    0.2124    0.1219    0.0639    0.0238
    0.0049    0.0185    0.0470    0.0908    0.1374    0.1536    0.1283    0.1104    0.0639    0.0336    0.0126
    0.0018    0.0068    0.0172    0.0333    0.0504    0.0565    0.0476    0.0410    0.0238    0.0126    0.0047
 --------------------------
 
 ------F MATRIX------
 1694.4228  213.4327    8.2890   -3.7415   -2.3485   -1.6125   -0.3562   -0.2602   -0.1134   -0.0527   -0.0186
  213.4327  227.6156   45.4360    0.4290   -2.7206   -2.1414   -0.5131   -0.3732   -0.1605   -0.0740   -0.0260
    8.2890   45.4360   41.1221    8.1534   -1.6772   -2.0583   -0.6221   -0.4509   -0.1905   -0.0867   -0.0302
   -3.7415    0.4290    8.1534    6.9277    0.2565   -1.1647   -0.6692   -0.4896   -0.2056   -0.0924   -0.0320
   -2.3485   -2.7206   -1.6772    0.2565    0.2884   -0.3896   -0.6743   -0.5191   -0.2320   -0.1059   -0.0369
   -1.6125   -2.1414   -2.0583   -1.1647   -0.3896   -0.4628   -0.6766   -0.5481   -0.2655   -0.1251   -0.0442
   -0.3562   -0.5131   -0.6221   -0.6692   -0.6743   -0.6766   -0.7001   -0.6781   -0.5030   -0.2952   -0.1167
   -0.2602   -0.3732   -0.4509   -0.4896   -0.5191   -0.5481   -0.6781   -0.6738   -0.5422   -0.3384   -0.1388
   -0.1134   -0.1605   -0.1905   -0.2056   -0.2320   -0.2655   -0.5030   -0.5422   -0.5452   -0.4136   -0.1976
   -0.0527   -0.0740   -0.0867   -0.0924   -0.1059   -0.1251   -0.2952   -0.3384   -0.4136   -0.3878   -0.2342
   -0.0186   -0.0260   -0.0302   -0.0320   -0.0369   -0.0442   -0.1167   -0.1388   -0.1976   -0.2342   -0.2135
 --------------------------
 
 ------XF MATRIX------
    9.6836   22.8941  -12.4032  -39.9061   34.5269   24.3000   28.7229   11.4596  -10.9677    2.7758   -0.7531
   22.8941   62.2936  -37.9459 -123.6633  107.6845   76.1025   90.3619   35.8667  -34.1889    8.7561   -2.4267
  -12.4032  -37.9459   27.5999   98.0069  -96.3711  -68.9557  -82.5590  -32.9415   31.7004   -8.0356    2.0941
  -39.9061 -123.6633   98.0069  367.3711 -400.4751 -291.1471 -357.0538 -144.1647  139.6666  -35.1938    9.0229
   34.5269  107.6845  -96.3711 -400.4751  559.0262  432.6806  610.1803  261.6870 -262.0119   68.1070  -17.8601
   24.3000   76.1025  -68.9557 -291.1471  432.6806  341.6352  508.8143  224.6841 -229.2386   60.8819  -16.1712
   28.7229   90.3619  -82.5590 -357.0538  610.1803  508.8143  888.7839  435.6741 -482.0861  140.3968  -39.1580
   11.4596   35.8667  -32.9415 -144.1647  261.6870  224.6841  435.6741  231.1751 -274.2640   87.2266  -25.4695
  -10.9677  -34.1889   31.7004  139.6666 -262.0119 -229.2386 -482.0861 -274.2640  344.9685 -118.7929   36.5281
    2.7758    8.7561   -8.0356  -35.1938   68.1070   60.8819  140.3968   87.2266 -118.7929   44.5572  -14.4135
   -0.7531   -2.4267    2.0941    9.0229  -17.8601  -16.1712  -39.1580  -25.4695   36.5281  -14.4135    3.9442
 --------------------------
 
 auto valores
 -0.930139367668620      -0.445799138977328      -0.208512212765990     
 -0.116872602128386       8.021190185837133E-003   1.01389743905596     
   6.65310396184602        24.9355628340370        92.1924140437079     
   395.376863977689        2362.56002901455     
 ------XCOEFF MATRIX------
   -0.0810    0.0872   -0.0598    0.0532   -0.4870    0.6777    0.4165    0.2811   -0.1563   -0.0729    0.0272
    0.0856   -0.0664    0.0218   -0.0157    0.4206   -0.2806    0.3808    0.5928   -0.4247   -0.2189    0.0846
   -0.0802    0.2097   -0.4263    0.4141    0.6092    0.3386    0.1638   -0.0968    0.2074    0.1610   -0.0740
    0.0913   -0.1264    0.2101   -0.2226   -0.0111   -0.1307    0.4706    0.1770    0.4516    0.5604   -0.3066
   -0.0032    0.0646    0.1547   -0.4939    0.2458    0.1540    0.3432   -0.3294    0.2809   -0.3576    0.4590
    0.1796   -0.3478    0.0510    0.6440   -0.2224   -0.2339    0.2583   -0.0673    0.3005   -0.1658    0.3692
   -0.1132    0.2509   -0.3134   -0.1366   -0.1188   -0.1147   -0.2497    0.4547    0.2671    0.2870    0.5977
   -0.2139   -0.0343    0.7296    0.2262    0.2431    0.2799   -0.1896    0.0712   -0.1248    0.3069    0.2852
   -0.3512    0.3697    0.2657    0.1437   -0.0224   -0.0992   -0.0898    0.3043    0.4540   -0.4833   -0.3130
   -0.0735    0.6913    0.1064    0.1578   -0.1722   -0.3489    0.3355   -0.3087   -0.2747    0.1932    0.0916
    0.8671    0.3524    0.1764    0.0426    0.0383    0.1694   -0.1726    0.1269    0.1025   -0.0624   -0.0258
 --------------------------
 
 ------COEFF MATRIX------
    0.0003   -0.0001    0.0001    0.0000    0.0001    0.0002   -0.0014   -0.0014    0.0152    0.0673   -1.2629
    0.0032   -0.0016    0.0009   -0.0005    0.0012    0.0049    0.0039    0.0432   -0.1409   -1.5981    1.0058
    0.0088   -0.0036    0.0020   -0.0012    0.0041   -0.0024   -0.0952   -0.2044    1.9964    1.7383   -0.6590
    0.0820   -0.0432    0.0242   -0.0132    0.0304    0.1580    0.2803    2.4808   -2.6703   -1.3140    0.4686
   -0.0375    0.0413   -0.0241    0.0100    0.0044   -0.5192   -3.9831   -4.9233    2.8394    1.2457   -0.4512
    0.4816   -0.3116    0.1827   -0.0989    0.2190    1.6300    4.2236    3.4250   -1.7600   -0.7706    0.2816
    1.3372   -1.2926    0.9915   -0.7564    3.4959   -7.3450   -3.6555   -1.8157    0.8800    0.3946   -0.1464
   -0.9029    1.4012   -1.3270    1.1593   -6.3433    8.1844    3.5844    1.7554   -0.8534   -0.3837    0.1425
    0.2873    0.5980   -0.8041    0.2042    4.8210   -2.6713   -1.0044   -0.4886    0.2392    0.1080   -0.0402
   -0.1114    0.0949    1.4993   -1.5455   -2.8437    1.0337    0.3780    0.1844   -0.0906   -0.0410    0.0152
    0.0248   -0.0150    0.0524    1.5240    0.8198   -0.2247   -0.0816   -0.0399    0.0196    0.0089   -0.0033
 --------------------------
 
 ------NEW DENSITY MATRIX------
    0.0000    0.0000    0.0000    0.0000    0.0000    0.0003    0.0008   -0.0005    0.0002   -0.0001    0.0000
    0.0000    0.0000    0.0001    0.0005   -0.0002    0.0031    0.0086   -0.0058    0.0019   -0.0007    0.0002
    0.0000    0.0001    0.0002    0.0015   -0.0007    0.0085    0.0236   -0.0160    0.0051   -0.0020    0.0004
    0.0000    0.0005    0.0015    0.0134   -0.0061    0.0790    0.2193   -0.1481    0.0471   -0.0183    0.0041
    0.0000   -0.0002   -0.0007   -0.0061    0.0028   -0.0361   -0.1002    0.0677   -0.0215    0.0084   -0.0019
    0.0003    0.0031    0.0085    0.0790   -0.0361    0.4638    1.2879   -0.8696    0.2767   -0.1073    0.0239
    0.0008    0.0086    0.0236    0.2193   -0.1002    1.2879    3.5763   -2.4147    0.7684   -0.2981    0.0662
   -0.0005   -0.0058   -0.0160   -0.1481    0.0677   -0.8696   -2.4147    1.6304   -0.5188    0.2012   -0.0447
    0.0002    0.0019    0.0051    0.0471   -0.0215    0.2767    0.7684   -0.5188    0.1651   -0.0640    0.0142
   -0.0001   -0.0007   -0.0020   -0.0183    0.0084   -0.1073   -0.2981    0.2012   -0.0640    0.0248   -0.0055
    0.0000    0.0002    0.0004    0.0041   -0.0019    0.0239    0.0662   -0.0447    0.0142   -0.0055    0.0012
 --------------------------
 
 Energia Total:  -2.82187894402105     
 ------G MATRIX------
    0.0169    0.0329    0.0441    0.0496    0.0483    0.0448    0.0233    0.0189    0.0099    0.0050    0.0018
