 ------G MATRIX------
    0.0000    0.0000    0.0000    0.0000    0.0000    0.0000
    0.0000    0.0000    0.0000    0.0000    0.0000    0.0000
    0.0000    0.0000    0.0000    0.0000    0.0000    0.0000
    0.0000    0.0000    0.0000    0.0000    0.0000    0.0000
    0.0000    0.0000    0.0000    0.0000    0.0000    0.0000
    0.0000    0.0000    0.0000    0.0000    0.0000    0.0000
 --------------------------

 ------F MATRIX------
   -0.1390   -0.1548   -0.1323   -0.1137   -0.1109   -0.1380
   -0.1548   -0.2805   -0.3157   -0.3105   -0.3080   -0.3129
   -0.1323   -0.3157   -0.4023   -0.4293   -0.4337   -0.3915
   -0.1137   -0.3105   -0.4293   -0.4156   -0.4117   -0.4187
   -0.1109   -0.3080   -0.4337   -0.4117   -0.4051   -0.4221
   -0.1380   -0.3129   -0.3915   -0.4187   -0.4221   -0.3806
 --------------------------

 ------XF MATRIX------
    1.5592    0.5030    0.1065   -0.1147   -0.0969   -0.1400
    0.5030    0.8515   -0.2730    0.0360   -0.0462   -0.1119
    0.1065   -0.2730    0.3070   -0.1684   -0.0473    0.0578
   -0.1147    0.0360   -0.1684    0.0565    0.0324   -0.0282
   -0.0969   -0.0462   -0.0473    0.0324   -0.1152   -0.0560
   -0.1400   -0.1119    0.0578   -0.0282   -0.0560   -0.4437
 --------------------------

 auto valores
 -0.47274507844419339      -0.11915599733960831       -3.9472814580903862E-002  0.18996658421755105       0.81294334411281222        1.8437348736215087     
 ------XCOEFF MATRIX------
    0.0670    0.0091   -0.0182   -0.2788   -0.3747    0.8814
    0.0531    0.0642    0.1335    0.5030    0.7141    0.4608
   -0.0446    0.1365    0.5208    0.6400   -0.5462   -0.0170
    0.0385   -0.0815    0.8428   -0.4825    0.2161   -0.0455
    0.1691    0.9717   -0.0133   -0.1500    0.0422   -0.0526
    0.9801   -0.1624   -0.0131    0.0658   -0.0537   -0.0751
 --------------------------

 ------COEFF MATRIX------
   -0.0275   -0.6261    1.2939    0.6252    0.3214   -0.2131
    0.3052   -0.8986   -2.5047   -4.2792   -3.0919    2.3341
    3.3107   -0.1898   -2.6138  -23.8442  -35.5833   45.6307
   -5.9921   -1.4056    0.0679   16.8678   23.5972  -80.0595
    5.4693    1.4998    0.4489  -13.0025  -14.6469   64.4332
   -1.9608    1.0003    3.6910   23.5585   29.6234  -31.8991
 --------------------------

 ------NEW DENSITY MATRIX------
    0.0000    0.0000    0.0000    0.0000    0.0000    0.0000
    0.0000    0.0000    0.0000    0.0000    0.0000    0.0000
    0.0000    0.0000    0.0000    0.0000    0.0000    0.0000
    0.0000    0.0000    0.0000    0.0000    0.0000    0.0000
    0.0000    0.0000    0.0000    0.0000    0.0000    0.0000
    0.0000    0.0000    0.0000    0.0000    0.0000    0.0000
 --------------------------

 Energia Total:   0.0000000000000000     
 ------G MATRIX------
    0.0000    0.0000    0.0000    0.0000    0.0000    0.0000
    0.0000    0.0000    0.0000    0.0000    0.0000    0.0000
    0.0000    0.0000    0.0000    0.0000    0.0000    0.0000
    0.0000    0.0000    0.0000    0.0000    0.0000    0.0000
    0.0000    0.0000    0.0000    0.0000    0.0000    0.0000
    0.0000    0.0000    0.0000    0.0000    0.0000    0.0000
 --------------------------

 ------F MATRIX------
   -0.1390   -0.1548   -0.1323   -0.1137   -0.1109   -0.1380
   -0.1548   -0.2805   -0.3157   -0.3105   -0.3080   -0.3129
   -0.1323   -0.3157   -0.4023   -0.4293   -0.4337   -0.3915
   -0.1137   -0.3105   -0.4293   -0.4156   -0.4117   -0.4187
   -0.1109   -0.3080   -0.4337   -0.4117   -0.4051   -0.4221
   -0.1380   -0.3129   -0.3915   -0.4187   -0.4221   -0.3806
 --------------------------

 ------XF MATRIX------
    1.5592    0.5030    0.1065   -0.1147   -0.0969   -0.1400
    0.5030    0.8515   -0.2730    0.0360   -0.0462   -0.1119
    0.1065   -0.2730    0.3070   -0.1684   -0.0473    0.0578
   -0.1147    0.0360   -0.1684    0.0565    0.0324   -0.0282
   -0.0969   -0.0462   -0.0473    0.0324   -0.1152   -0.0560
   -0.1400   -0.1119    0.0578   -0.0282   -0.0560   -0.4437
 --------------------------

 auto valores
 -0.47274507844419339      -0.11915599733960831       -3.9472814580903862E-002  0.18996658421755105       0.81294334411281222        1.8437348736215087     
 ------XCOEFF MATRIX------
    0.0670    0.0091   -0.0182   -0.2788   -0.3747    0.8814
    0.0531    0.0642    0.1335    0.5030    0.7141    0.4608
   -0.0446    0.1365    0.5208    0.6400   -0.5462   -0.0170
    0.0385   -0.0815    0.8428   -0.4825    0.2161   -0.0455
    0.1691    0.9717   -0.0133   -0.1500    0.0422   -0.0526
    0.9801   -0.1624   -0.0131    0.0658   -0.0537   -0.0751
 --------------------------

 ------COEFF MATRIX------
   -0.0275   -0.6261    1.2939    0.6252    0.3214   -0.2131
    0.3052   -0.8986   -2.5047   -4.2792   -3.0919    2.3341
    3.3107   -0.1898   -2.6138  -23.8442  -35.5833   45.6307
   -5.9921   -1.4056    0.0679   16.8678   23.5972  -80.0595
    5.4693    1.4998    0.4489  -13.0025  -14.6469   64.4332
   -1.9608    1.0003    3.6910   23.5585   29.6234  -31.8991
 --------------------------

 ------NEW DENSITY MATRIX------
    0.0000    0.0000    0.0000    0.0000    0.0000    0.0000
    0.0000    0.0000    0.0000    0.0000    0.0000    0.0000
    0.0000    0.0000    0.0000    0.0000    0.0000    0.0000
    0.0000    0.0000    0.0000    0.0000    0.0000    0.0000
    0.0000    0.0000    0.0000    0.0000    0.0000    0.0000
    0.0000    0.0000    0.0000    0.0000    0.0000    0.0000
 --------------------------

 Energia Total:   0.0000000000000000     
 ------G MATRIX------
    0.0000    0.0000    0.0000    0.0000    0.0000    0.0000
    0.0000    0.0000    0.0000    0.0000    0.0000    0.0000
    0.0000    0.0000    0.0000    0.0000    0.0000    0.0000
    0.0000    0.0000    0.0000    0.0000    0.0000    0.0000
    0.0000    0.0000    0.0000    0.0000    0.0000    0.0000
    0.0000    0.0000    0.0000    0.0000    0.0000    0.0000
 --------------------------

 ------F MATRIX------
   -0.1390   -0.1548   -0.1323   -0.1137   -0.1109   -0.1380
   -0.1548   -0.2805   -0.3157   -0.3105   -0.3080   -0.3129
   -0.1323   -0.3157   -0.4023   -0.4293   -0.4337   -0.3915
   -0.1137   -0.3105   -0.4293   -0.4156   -0.4117   -0.4187
   -0.1109   -0.3080   -0.4337   -0.4117   -0.4051   -0.4221
   -0.1380   -0.3129   -0.3915   -0.4187   -0.4221   -0.3806
 --------------------------

 ------XF MATRIX------
    1.5592    0.5030    0.1065   -0.1147   -0.0969   -0.1400
    0.5030    0.8515   -0.2730    0.0360   -0.0462   -0.1119
    0.1065   -0.2730    0.3070   -0.1684   -0.0473    0.0578
   -0.1147    0.0360   -0.1684    0.0565    0.0324   -0.0282
   -0.0969   -0.0462   -0.0473    0.0324   -0.1152   -0.0560
   -0.1400   -0.1119    0.0578   -0.0282   -0.0560   -0.4437
 --------------------------

 auto valores
 -0.47274507844419339      -0.11915599733960831       -3.9472814580903862E-002  0.18996658421755105       0.81294334411281222        1.8437348736215087     
 ------XCOEFF MATRIX------
    0.0670    0.0091   -0.0182   -0.2788   -0.3747    0.8814
    0.0531    0.0642    0.1335    0.5030    0.7141    0.4608
   -0.0446    0.1365    0.5208    0.6400   -0.5462   -0.0170
    0.0385   -0.0815    0.8428   -0.4825    0.2161   -0.0455
    0.1691    0.9717   -0.0133   -0.1500    0.0422   -0.0526
    0.9801   -0.1624   -0.0131    0.0658   -0.0537   -0.0751
 --------------------------

 ------COEFF MATRIX------
   -0.0275   -0.6261    1.2939    0.6252    0.3214   -0.2131
    0.3052   -0.8986   -2.5047   -4.2792   -3.0919    2.3341
    3.3107   -0.1898   -2.6138  -23.8442  -35.5833   45.6307
   -5.9921   -1.4056    0.0679   16.8678   23.5972  -80.0595
    5.4693    1.4998    0.4489  -13.0025  -14.6469   64.4332
   -1.9608    1.0003    3.6910   23.5585   29.6234  -31.8991
 --------------------------

 ------NEW DENSITY MATRIX------
    0.0008   -0.0084   -0.0912    0.1650   -0.1506    0.0540
   -0.0084    0.0932    1.0105   -1.8289    1.6693   -0.5985
   -0.0912    1.0105   10.9605  -19.8377   18.1069   -6.4914
    0.1650   -1.8289  -19.8377   35.9047  -32.7721   11.7490
   -0.1506    1.6693   18.1069  -32.7721   29.9128  -10.7239
    0.0540   -0.5985   -6.4914   11.7490  -10.7239    3.8446
 --------------------------

 Energia Total: -0.47274507844419911     
 ------G MATRIX------
    0.0000   -0.0000   -0.0000   -0.0000   -0.0000   -0.0000
    0.0000    0.0000    0.0000    0.0000    0.0000   -0.0000
   -0.0000    0.0000    0.0000    0.0000    0.0000    0.0000
    0.0000   -0.0000   -0.0000   -0.0000   -0.0000   -0.0000
    0.0000    0.0000   -0.0000    0.0000    0.0000    0.0000
   -0.0000   -0.0000    0.0000    0.0000   -0.0000   -0.0000
 --------------------------

 ------F MATRIX------
   -0.1390   -0.1548   -0.1323   -0.1137   -0.1109   -0.1380
   -0.1548   -0.2805   -0.3157   -0.3105   -0.3080   -0.3129
   -0.1323   -0.3157   -0.4023   -0.4293   -0.4337   -0.3915
   -0.1137   -0.3105   -0.4293   -0.4156   -0.4117   -0.4187
   -0.1109   -0.3080   -0.4337   -0.4117   -0.4051   -0.4221
   -0.1380   -0.3129   -0.3915   -0.4187   -0.4221   -0.3806
 --------------------------

 ------XF MATRIX------
    1.5592    0.5030    0.1065   -0.1147   -0.0969   -0.1400
    0.5030    0.8515   -0.2730    0.0360   -0.0462   -0.1119
    0.1065   -0.2730    0.3070   -0.1684   -0.0473    0.0578
   -0.1147    0.0360   -0.1684    0.0565    0.0324   -0.0282
   -0.0969   -0.0462   -0.0473    0.0324   -0.1152   -0.0560
   -0.1400   -0.1119    0.0578   -0.0282   -0.0560   -0.4437
 --------------------------

 auto valores
 -0.47274507844405794      -0.11915599733959668       -3.9472814580964029E-002  0.18996658420978307       0.81294334409305735        1.8437348736160224     
 ------XCOEFF MATRIX------
    0.0670    0.0091   -0.0182   -0.2788   -0.3747    0.8814
    0.0531    0.0642    0.1335    0.5030    0.7141    0.4608
   -0.0446    0.1365    0.5208    0.6400   -0.5462   -0.0170
    0.0385   -0.0815    0.8428   -0.4825    0.2161   -0.0455
    0.1691    0.9717   -0.0133   -0.1500    0.0422   -0.0526
    0.9801   -0.1624   -0.0131    0.0658   -0.0537   -0.0751
 --------------------------

 ------COEFF MATRIX------
   -0.0275   -0.6261    1.2939    0.6252    0.3214   -0.2131
    0.3052   -0.8986   -2.5047   -4.2792   -3.0919    2.3341
    3.3107   -0.1898   -2.6138  -23.8442  -35.5833   45.6307
   -5.9921   -1.4056    0.0679   16.8678   23.5972  -80.0595
    5.4693    1.4998    0.4489  -13.0025  -14.6469   64.4332
   -1.9608    1.0003    3.6910   23.5585   29.6234  -31.8991
 --------------------------

 ------NEW DENSITY MATRIX------
    0.0008   -0.0084   -0.0912    0.1650   -0.1506    0.0540
   -0.0084    0.0932    1.0105   -1.8289    1.6693   -0.5985
   -0.0912    1.0105   10.9605  -19.8377   18.1069   -6.4914
    0.1650   -1.8289  -19.8377   35.9047  -32.7721   11.7490
   -0.1506    1.6693   18.1069  -32.7721   29.9128  -10.7239
    0.0540   -0.5985   -6.4914   11.7490  -10.7239    3.8446
 --------------------------

 Energia Total: -0.47274509253309760     
