 ------DADOS DO INPUT------
Número atômico:  4
 Carga:            0
 Numero de Eletrons:            4
 Camada Aberta?  F
Número de bases:    6
 BASE: 
 312.8705
  57.3645
  16.0485
   5.5131
   2.1409
   0.8817
 --------------------------

 ------OVERLAP MATRIX------
    1.0000    0.6157    0.2828    0.1333    0.0666    0.0345
    0.6157    1.0000    0.7515    0.4254    0.2273    0.1207
    0.2828    0.7515    1.0000    0.8150    0.5174    0.2962
    0.1333    0.4254    0.8150    1.0000    0.8506    0.5726
    0.0666    0.2273    0.5174    0.8506    1.0000    0.8668
    0.0345    0.1207    0.2962    0.5726    0.8668    1.0000
 --------------------------

 ------TRANSFERENCE MATRIX------
   -0.3417   -0.5996   -0.8076    0.7806   -0.4488    0.1089
    1.3330    1.6473    1.1196   -0.0835   -0.4254    0.1968
   -3.2453   -2.0905    0.0509   -0.5759   -0.1732    0.2556
    5.1795    0.4858   -0.9536   -0.3240    0.1108    0.2752
   -4.9863    1.7132   -0.2710    0.2073    0.2957    0.2559
    2.2005   -1.4353    0.9020    0.5548    0.3419    0.2067
 --------------------------

 ------KINETIC MATRIX------
  469.3057   89.5336   12.9522    2.1658    0.4249    0.0909
   89.5336   86.0467   28.2729    6.4194    1.4075    0.3144
   12.9522   28.2729   24.0728   10.0327    2.9321    0.7428
    2.1658    6.4194   10.0327    8.2696    3.9349    1.3058
    0.4249    1.4075    2.9321    3.9349    3.2113    1.6240
    0.0909    0.3144    0.7428    1.3058    1.6240    1.3226
 --------------------------

 ------POTENTIAL MATRIX------
 -112.9048  -53.4673  -23.1510  -10.7320   -5.3359   -2.7542
  -53.4673  -48.3450  -29.0633  -15.2263   -7.9147   -4.1570
  -23.1510  -29.0633  -25.5710  -17.0805   -9.9601   -5.5015
  -10.7320  -15.2263  -17.0805  -14.9875  -10.6210   -6.5356
   -5.3359   -7.9147   -9.9601  -10.6210   -9.3396   -6.8018
   -2.7542   -4.1570   -5.5015   -6.5356   -6.8018   -5.9938
 --------------------------

 ------H_CORE MATRIX------
  356.4010   36.0663  -10.1989   -8.5662   -4.9110   -2.6634
   36.0663   37.7017   -0.7905   -8.8069   -6.5072   -3.8426
  -10.1989   -0.7905   -1.4982   -7.0479   -7.0281   -4.7587
   -8.5662   -8.8069   -7.0479   -6.7178   -6.6861   -5.2297
   -4.9110   -6.5072   -7.0281   -6.6861   -6.1282   -5.1778
   -2.6634   -3.8426   -4.7587   -5.2297   -5.1778   -4.6712
 --------------------------

 ------DENSITY MATRIX------
    0.0000    0.0000    0.0000    0.0000    0.0000    0.0000
    0.0000    0.0000    0.0000    0.0000    0.0000    0.0000
    0.0000    0.0000    0.0000    0.0000    0.0000    0.0000
    0.0000    0.0000    0.0000    0.0000    0.0000    0.0000
    0.0000    0.0000    0.0000    0.0000    0.0000    0.0000
    0.0000    0.0000    0.0000    0.0000    0.0000    0.0000
 --------------------------

 ------G MATRIX------
    0.0000    0.0000    0.0000    0.0000    0.0000    0.0000
    0.0000    0.0000    0.0000    0.0000    0.0000    0.0000
    0.0000    0.0000    0.0000    0.0000    0.0000    0.0000
    0.0000    0.0000    0.0000    0.0000    0.0000    0.0000
    0.0000    0.0000    0.0000    0.0000    0.0000    0.0000
    0.0000    0.0000    0.0000    0.0000    0.0000    0.0000
 --------------------------

 ------F MATRIX------
  356.4010   36.0663  -10.1989   -8.5662   -4.9110   -2.6634
   36.0663   37.7017   -0.7905   -8.8069   -6.5072   -3.8426
  -10.1989   -0.7905   -1.4982   -7.0479   -7.0281   -4.7587
   -8.5662   -8.8069   -7.0479   -6.7178   -6.6861   -5.2297
   -4.9110   -6.5072   -7.0281   -6.6861   -6.1282   -5.1778
   -2.6634   -3.8426   -4.7587   -5.2297   -5.1778   -4.6712
 --------------------------

 ------XF MATRIX------
   66.1373   82.1440   73.0463  -51.1453   22.6629   -4.3726
   82.1440  138.9049  152.5614 -111.9187   50.1713   -9.5216
   73.0463  152.5614  216.9304 -196.6139   97.5656  -19.4531
  -51.1453 -111.9187 -196.6139  223.1370 -136.4556   31.6475
   22.6629   50.1713   97.5656 -136.4556   95.7170  -24.5769
   -4.3726   -9.5216  -19.4531   31.6475  -24.5769   -1.9507
 --------------------------

 auto valores
  -7.9964670886822766       -1.6168806463296024        4.9016072144210785        27.547305344919099        115.82367467494426        600.21674278159776     
 ------XCOEFF MATRIX------
   -0.0029    0.1499   -0.5228    0.6616    0.4703    0.2127
    0.0330   -0.3435    0.6275    0.0413    0.5643    0.4087
   -0.0953    0.5265   -0.1853   -0.5603    0.1488    0.5859
   -0.0849    0.6035    0.3177   -0.0121    0.4390   -0.5786
    0.1930    0.4665    0.4334    0.4734   -0.4781    0.3235
    0.9723    0.0238   -0.0993   -0.1494    0.1301   -0.0705
 --------------------------

 ------COEFF MATRIX------
    0.0111   -0.0061   -0.0053   -0.0365   -0.0478   -1.3955
    0.0601   -0.0207   -0.1012    0.0929    1.9154    1.5095
    0.1996   -0.1639    0.0921   -2.3752   -2.8352   -1.2556
    0.4083   -0.0296   -2.3086    3.9966    2.4088    0.9454
    0.3852   -1.2097    3.9007   -2.9772   -1.4356   -0.5617
    0.0802    1.7971   -1.9143    1.0155    0.4661    0.1850
 --------------------------

 ------NEW DENSITY MATRIX------
    0.0003    0.0016    0.0065    0.0095    0.0235   -0.0203
    0.0016    0.0081    0.0308    0.0503    0.0964   -0.0649
    0.0065    0.0308    0.1334    0.1727    0.5503   -0.5571
    0.0095    0.0503    0.1727    0.3352    0.3862   -0.0409
    0.0235    0.0964    0.5503    0.3862    3.2233   -4.2859
   -0.0203   -0.0649   -0.5571   -0.0409   -4.2859    6.4718
 --------------------------

 Energia Total:   0.0000000000000000     
 ------G MATRIX------
    0.6335    0.9681    0.9826    0.7945    0.5321    0.3001
    0.9681    1.9305    2.2329    1.9040    1.3045    0.7443
    0.9826    2.2329    2.9229    2.6884    1.9256    1.1370
    0.7945    1.9040    2.6884    2.6607    2.0452    1.3103
    0.5321    1.3045    1.9256    2.0452    1.7635    1.3242
    0.3001    0.7443    1.1370    1.3103    1.3242    1.2077
 --------------------------

 ------F MATRIX------
  357.0345   37.0344   -9.2163   -7.7716   -4.3789   -2.3633
   37.0344   39.6322    1.4425   -6.9029   -5.2027   -3.0983
   -9.2163    1.4425    1.4247   -4.3594   -5.1024   -3.6217
   -7.7716   -6.9029   -4.3594   -4.0571   -4.6409   -3.9194
   -4.3789   -5.2027   -5.1024   -4.6409   -4.3648   -3.8536
   -2.3633   -3.0983   -3.6217   -3.9194   -3.8536   -3.4634
 --------------------------

 ------XF MATRIX------
   66.2114   82.1475   73.0529  -51.1023   22.6882   -4.3622
   82.1475  139.0936  152.4837 -111.9621   50.0740   -9.5923
   73.0529  152.4837  217.3372 -196.3608   97.5890  -19.5851
  -51.1023 -111.9621 -196.3608  223.8327 -136.1502   30.9637
   22.6882   50.0740   97.5890 -136.1502   96.4908  -24.9503
   -4.3622   -9.5923  -19.5851   30.9637  -24.9503    0.8285
 --------------------------

 auto valores
  -5.4416184494597033      -0.61804306926494335        5.3552836012500533        27.977432177958981        116.15063681753396        600.37045703919455     
 ------XCOEFF MATRIX------
   -0.0073    0.1787   -0.5211    0.6566    0.4692    0.2126
    0.0288   -0.3844    0.6034    0.0485    0.5639    0.4086
   -0.0537    0.5478   -0.1405   -0.5581    0.1500    0.5859
   -0.0028    0.5878    0.3571   -0.0024    0.4383   -0.5787
    0.2704    0.4119    0.4402    0.4782   -0.4796    0.3235
    0.9608   -0.0707   -0.1528   -0.1623    0.1313   -0.0706
 --------------------------

 ------COEFF MATRIX------
    0.0097   -0.0067   -0.0058   -0.0369   -0.0479   -1.3955
    0.0517   -0.0199   -0.1051    0.0952    1.9156    1.5093
    0.1612   -0.1763    0.1016   -2.3837   -2.8296   -1.2552
    0.3226    0.0521   -2.3809    3.9658    2.4020    0.9451
    0.4257   -1.4725    3.8353   -2.9403   -1.4312   -0.5615
    0.1836    1.8914   -1.8224    1.0005    0.4646    0.1849
 --------------------------

 ------NEW DENSITY MATRIX------
    0.0003    0.0013    0.0055    0.0056    0.0281   -0.0219
    0.0013    0.0061    0.0237    0.0313    0.1026   -0.0562
    0.0055    0.0237    0.1142    0.0856    0.6566   -0.6079
    0.0056    0.0313    0.0856    0.2136    0.1211    0.3157
    0.0281    0.1026    0.6566    0.1211    4.6987   -5.4138
   -0.0219   -0.0562   -0.6079    0.3157   -5.4138    7.2225
 --------------------------

 Energia Total:  -15.612740571649963     
 ------G MATRIX------
    0.5938    0.9103    0.9300    0.7597    0.5142    0.2919
    0.9103    1.8229    2.1242    1.8308    1.2679    0.7283
    0.9300    2.1242    2.8062    2.6127    1.8926    1.1246
    0.7597    1.8308    2.6127    2.6208    2.0364    1.3098
    0.5142    1.2679    1.8926    2.0364    1.7696    1.3288
    0.2919    0.7283    1.1246    1.3098    1.3288    1.2107
 --------------------------

 ------F MATRIX------
  356.9947   36.9765   -9.2689   -7.8065   -4.3968   -2.3714
   36.9765   39.5246    1.3338   -6.9760   -5.2393   -3.1143
   -9.2689    1.3338    1.3080   -4.4352   -5.1355   -3.6341
   -7.8065   -6.9760   -4.4352   -4.0970   -4.6497   -3.9200
   -4.3968   -5.2393   -5.1355   -4.6497   -4.3586   -3.8491
   -2.3714   -3.1143   -3.6341   -3.9200   -3.8491   -3.4604
 --------------------------

 ------XF MATRIX------
   66.2125   82.1424   73.0573  -51.0992   22.6908   -4.3645
   82.1424  139.0982  152.4710 -111.9726   50.0763   -9.5714
   73.0573  152.4710  217.3369 -196.3578   97.5893  -19.6036
  -51.0992 -111.9726 -196.3578  223.8039 -136.1660   30.9968
   22.6908   50.0763   97.5893 -136.1660   96.4534  -24.8900
   -4.3645   -9.5714  -19.6036   30.9968  -24.8900    0.7640
 --------------------------

 auto valores
  -5.4700068402515711      -0.63151744362024986        5.3236629161545794        27.953872234738391        116.13183461004104        600.36106343645349     
 ------XCOEFF MATRIX------
   -0.0062    0.1756   -0.5217    0.6569    0.4692    0.2127
    0.0274   -0.3803    0.6061    0.0481    0.5640    0.4086
   -0.0547    0.5463   -0.1449   -0.5584    0.1499    0.5859
   -0.0071    0.5901    0.3531   -0.0032    0.4383   -0.5787
    0.2658    0.4163    0.4394    0.4779   -0.4795    0.3235
    0.9620   -0.0677   -0.1476   -0.1609    0.1312   -0.0706
 --------------------------

 ------COEFF MATRIX------
    0.0098   -0.0067   -0.0058   -0.0368   -0.0479   -1.3955
    0.0523   -0.0204   -0.1048    0.0950    1.9156    1.5093
    0.1641   -0.1765    0.1014   -2.3830   -2.8300   -1.2553
    0.3298    0.0404   -2.3758    3.9682    2.4024    0.9451
    0.4160   -1.4473    3.8441   -2.9425   -1.4315   -0.5615
    0.1836    1.8808   -1.8329    1.0012    0.4647    0.1849
 --------------------------

 ------NEW DENSITY MATRIX------
    0.0003    0.0013    0.0056    0.0059    0.0277   -0.0218
    0.0013    0.0063    0.0244    0.0329    0.1025   -0.0574
    0.0056    0.0244    0.1161    0.0940    0.6474   -0.6036
    0.0059    0.0329    0.0940    0.2207    0.1574    0.2731
    0.0277    0.1025    0.6474    0.1574    4.5352   -5.2912
   -0.0218   -0.0574   -0.6036    0.2731   -5.2912    7.1423
 --------------------------

 Energia Total:  -15.656190229331328     
 ------G MATRIX------
    0.5738    0.8812    0.9036    0.7423    0.5052    0.2878
    0.8812    1.7689    2.0698    1.7943    1.2498    0.7203
    0.9036    2.0698    2.7479    2.5751    1.8763    1.1184
    0.7423    1.7943    2.5751    2.6011    2.0323    1.3096
    0.5052    1.2498    1.8763    2.0323    1.7729    1.3312
    0.2878    0.7203    1.1184    1.3096    1.3312    1.2123
 --------------------------

 ------F MATRIX------
  356.9748   36.9475   -9.2953   -7.8239   -4.4057   -2.3755
   36.9475   39.4706    1.2794   -7.0125   -5.2574   -3.1223
   -9.2953    1.2794    1.2497   -4.4728   -5.1518   -3.6402
   -7.8239   -7.0125   -4.4728   -4.1167   -4.6539   -3.9201
   -4.4057   -5.2574   -5.1518   -4.6539   -4.3554   -3.8466
   -2.3755   -3.1223   -3.6402   -3.9201   -3.8466   -3.4588
 --------------------------

 ------XF MATRIX------
   66.2130   82.1400   73.0594  -51.0977   22.6921   -4.3657
   82.1400  139.1005  152.4648 -111.9780   50.0774   -9.5609
   73.0594  152.4648  217.3368 -196.3562   97.5895  -19.6130
  -51.0977 -111.9780 -196.3562  223.7896 -136.1739   31.0133
   22.6921   50.0774   97.5895 -136.1739   96.4346  -24.8597
   -4.3657   -9.5609  -19.6130   31.0133  -24.8597    0.7319
 --------------------------

 auto valores
  -5.4842546786198572      -0.63826554387493573        5.3079991765327206        27.942069500767630        116.12239375070102        600.35634487517314     
 ------XCOEFF MATRIX------
   -0.0057    0.1741   -0.5219    0.6571    0.4693    0.2127
    0.0266   -0.3782    0.6074    0.0479    0.5640    0.4086
   -0.0551    0.5455   -0.1472   -0.5586    0.1498    0.5859
   -0.0092    0.5912    0.3511   -0.0036    0.4384   -0.5787
    0.2635    0.4185    0.4389    0.4777   -0.4795    0.3235
    0.9627   -0.0662   -0.1451   -0.1603    0.1312   -0.0706
 --------------------------

 ------COEFF MATRIX------
    0.0099   -0.0068   -0.0057   -0.0368   -0.0479   -1.3955
    0.0527   -0.0206   -0.1046    0.0949    1.9155    1.5093
    0.1655   -0.1765    0.1013   -2.3826   -2.8302   -1.2553
    0.3334    0.0346   -2.3731    3.9693    2.4027    0.9451
    0.4111   -1.4347    3.8485   -2.9436   -1.4316   -0.5615
    0.1836    1.8755   -1.8381    1.0015    0.4647    0.1850
 --------------------------

 ------NEW DENSITY MATRIX------
    0.0003    0.0013    0.0057    0.0061    0.0275   -0.0217
    0.0013    0.0064    0.0247    0.0337    0.1025   -0.0580
    0.0057    0.0247    0.1171    0.0981    0.6427   -0.6014
    0.0061    0.0337    0.0981    0.2246    0.1748    0.2523
    0.0275    0.1025    0.6427    0.1748    4.4548   -5.2305
   -0.0217   -0.0580   -0.6014    0.2523   -5.2305    7.1024
 --------------------------

 Energia Total:  -15.678682963371767     
 ------G MATRIX------
    0.5638    0.8667    0.8904    0.7336    0.5008    0.2858
    0.8667    1.7418    2.0426    1.7761    1.2408    0.7164
    0.8904    2.0426    2.7188    2.5563    1.8682    1.1154
    0.7336    1.7761    2.5563    2.5915    2.0303    1.3096
    0.5008    1.2408    1.8682    2.0303    1.7746    1.3325
    0.2858    0.7164    1.1154    1.3096    1.3325    1.2132
 --------------------------

 ------F MATRIX------
  356.9647   36.9329   -9.3085   -7.8326   -4.4102   -2.3776
   36.9329   39.4435    1.2521   -7.0307   -5.2664   -3.1262
   -9.3085    1.2521    1.2206   -4.4915   -5.1598   -3.6432
   -7.8326   -7.0307   -4.4915   -4.1263   -4.6558   -3.9201
   -4.4102   -5.2664   -5.1598   -4.6558   -4.3536   -3.8454
   -2.3776   -3.1262   -3.6432   -3.9201   -3.8454   -3.4580
 --------------------------

 ------XF MATRIX------
   66.2132   82.1387   73.0605  -51.0969   22.6927   -4.3664
   82.1387  139.1015  152.4616 -111.9807   50.0779   -9.5556
   73.0605  152.4616  217.3367 -196.3554   97.5896  -19.6177
  -51.0969 -111.9807 -196.3554  223.7824 -136.1778   31.0215
   22.6927   50.0779   97.5896 -136.1778   96.4251  -24.8445
   -4.3664   -9.5556  -19.6177   31.0215  -24.8445    0.7159
 --------------------------

 auto valores
  -5.4913265132003080      -0.64160883782303790        5.3001430484637115        27.936140412806004        116.11765181632234        600.35397435686889     
 ------XCOEFF MATRIX------
   -0.0054    0.1734   -0.5221    0.6572    0.4693    0.2127
    0.0263   -0.3772    0.6080    0.0478    0.5640    0.4086
   -0.0554    0.5451   -0.1483   -0.5586    0.1498    0.5859
   -0.0103    0.5918    0.3501   -0.0038    0.4384   -0.5787
    0.2623    0.4196    0.4387    0.4777   -0.4794    0.3235
    0.9630   -0.0654   -0.1438   -0.1599    0.1311   -0.0706
 --------------------------

 ------COEFF MATRIX------
    0.0099   -0.0068   -0.0057   -0.0368   -0.0479   -1.3955
    0.0528   -0.0207   -0.1045    0.0949    1.9155    1.5093
    0.1663   -0.1766    0.1013   -2.3825   -2.8303   -1.2553
    0.3352    0.0317   -2.3718    3.9699    2.4028    0.9451
    0.4087   -1.4284    3.8506   -2.9441   -1.4317   -0.5615
    0.1837    1.8728   -1.8407    1.0017    0.4647    0.1850
 --------------------------

 ------NEW DENSITY MATRIX------
    0.0003    0.0013    0.0057    0.0062    0.0274   -0.0217
    0.0013    0.0064    0.0249    0.0341    0.1024   -0.0583
    0.0057    0.0249    0.1177    0.1002    0.6404   -0.6003
    0.0062    0.0341    0.1002    0.2267    0.1833    0.2420
    0.0274    0.1024    0.6404    0.1833    4.4149   -5.2004
   -0.0217   -0.0583   -0.6003    0.2420   -5.2004    7.0826
 --------------------------

 Energia Total:  -15.691282713191155     
 ------G MATRIX------
    0.5587    0.8593    0.8837    0.7292    0.4986    0.2848
    0.8593    1.7283    2.0290    1.7671    1.2363    0.7144
    0.8837    2.0290    2.7043    2.5471    1.8643    1.1140
    0.7292    1.7671    2.5471    2.5867    2.0294    1.3096
    0.4986    1.2363    1.8643    2.0294    1.7756    1.3331
    0.2848    0.7144    1.1140    1.3096    1.3331    1.2136
 --------------------------

 ------F MATRIX------
  356.9597   36.9256   -9.3151   -7.8369   -4.4124   -2.3786
   36.9256   39.4300    1.2385   -7.0398   -5.2709   -3.1282
   -9.3151    1.2385    1.2061   -4.5008   -5.1638   -3.6447
   -7.8369   -7.0398   -4.5008   -4.1311   -4.6567   -3.9201
   -4.4124   -5.2709   -5.1638   -4.6567   -4.3527   -3.8447
   -2.3786   -3.1282   -3.6447   -3.9201   -3.8447   -3.4575
 --------------------------

 ------XF MATRIX------
   66.2133   82.1381   73.0610  -51.0965   22.6930   -4.3667
   82.1381  139.1020  152.4601 -111.9820   50.0781   -9.5529
   73.0610  152.4601  217.3367 -196.3549   97.5897  -19.6202
  -51.0965 -111.9820 -196.3549  223.7789 -136.1798   31.0255
   22.6930   50.0781   97.5897 -136.1798   96.4204  -24.8368
   -4.3667   -9.5529  -19.6202   31.0255  -24.8368    0.7080
 --------------------------

 auto valores
  -5.4948095555905372      -0.64325299559292271        5.2961721664241406        27.933155936235647        116.11526879226615        600.35278295175749     
 ------XCOEFF MATRIX------
   -0.0052    0.1730   -0.5221    0.6572    0.4693    0.2127
    0.0261   -0.3767    0.6083    0.0477    0.5640    0.4086
   -0.0555    0.5449   -0.1488   -0.5587    0.1498    0.5859
   -0.0108    0.5921    0.3496   -0.0039    0.4384   -0.5787
    0.2618    0.4201    0.4386    0.4776   -0.4794    0.3235
    0.9631   -0.0650   -0.1432   -0.1598    0.1311   -0.0706
 --------------------------

 ------COEFF MATRIX------
    0.0099   -0.0068   -0.0057   -0.0368   -0.0479   -1.3955
    0.0529   -0.0208   -0.1045    0.0949    1.9155    1.5093
    0.1666   -0.1766    0.1013   -2.3824   -2.8304   -1.2553
    0.3361    0.0303   -2.3712    3.9702    2.4028    0.9451
    0.4074   -1.4253    3.8517   -2.9444   -1.4317   -0.5615
    0.1837    1.8715   -1.8420    1.0018    0.4647    0.1850
 --------------------------

 ------NEW DENSITY MATRIX------
    0.0003    0.0013    0.0057    0.0063    0.0274   -0.0217
    0.0013    0.0065    0.0250    0.0343    0.1024   -0.0584
    0.0057    0.0250    0.1179    0.1013    0.6392   -0.5998
    0.0063    0.0343    0.1013    0.2277    0.1874    0.2369
    0.0274    0.1024    0.6392    0.1874    4.3951   -5.1854
   -0.0217   -0.0584   -0.5998    0.2369   -5.1854    7.0727
 --------------------------

 Energia Total:  -15.698618022161613     
 ------G MATRIX------
    0.5562    0.8557    0.8804    0.7271    0.4975    0.2843
    0.8557    1.7215    2.0221    1.7626    1.2341    0.7134
    0.8804    2.0221    2.6971    2.5424    1.8623    1.1132
    0.7271    1.7626    2.5424    2.5844    2.0290    1.3097
    0.4975    1.2341    1.8623    2.0290    1.7761    1.3335
    0.2843    0.7134    1.1132    1.3097    1.3335    1.2139
 --------------------------

 ------F MATRIX------
  356.9572   36.9219   -9.3185   -7.8391   -4.4135   -2.3791
   36.9219   39.4232    1.2317   -7.0443   -5.2731   -3.1292
   -9.3185    1.2317    1.1989   -4.5054   -5.1657   -3.6454
   -7.8391   -7.0443   -4.5054   -4.1334   -4.6571   -3.9201
   -4.4135   -5.2731   -5.1657   -4.6571   -4.3522   -3.8443
   -2.3791   -3.1292   -3.6454   -3.9201   -3.8443   -3.4573
 --------------------------

 ------XF MATRIX------
   66.2134   82.1379   73.0613  -51.0963   22.6932   -4.3669
   82.1379  139.1023  152.4593 -111.9827   50.0782   -9.5515
   73.0613  152.4593  217.3367 -196.3547   97.5898  -19.6214
  -51.0963 -111.9827 -196.3547  223.7771 -136.1808   31.0276
   22.6932   50.0782   97.5898 -136.1808   96.4180  -24.8330
   -4.3669   -9.5515  -19.6214   31.0276  -24.8330    0.7041
 --------------------------

 auto valores
  -5.4965136959855796      -0.64405636872594929        5.2941538701766344        27.931651053790009        116.11407041806075        600.35218379764740     
 ------XCOEFF MATRIX------
   -0.0051    0.1728   -0.5222    0.6572    0.4693    0.2127
    0.0260   -0.3764    0.6085    0.0477    0.5640    0.4086
   -0.0555    0.5448   -0.1491   -0.5587    0.1498    0.5859
   -0.0110    0.5922    0.3494   -0.0040    0.4384   -0.5787
    0.2615    0.4204    0.4385    0.4776   -0.4794    0.3235
    0.9632   -0.0649   -0.1428   -0.1597    0.1311   -0.0706
 --------------------------

 ------COEFF MATRIX------
    0.0099   -0.0068   -0.0057   -0.0368   -0.0479   -1.3955
    0.0529   -0.0208   -0.1044    0.0949    1.9155    1.5093
    0.1668   -0.1766    0.1012   -2.3823   -2.8304   -1.2553
    0.3365    0.0296   -2.3708    3.9704    2.4029    0.9451
    0.4067   -1.4238    3.8522   -2.9445   -1.4317   -0.5615
    0.1837    1.8709   -1.8427    1.0019    0.4647    0.1850
 --------------------------

 ------NEW DENSITY MATRIX------
    0.0003    0.0013    0.0057    0.0063    0.0274   -0.0217
    0.0013    0.0065    0.0250    0.0344    0.1024   -0.0585
    0.0057    0.0250    0.1180    0.1018    0.6386   -0.5995
    0.0063    0.0344    0.1018    0.2283    0.1895    0.2344
    0.0274    0.1024    0.6386    0.1895    4.3852   -5.1780
   -0.0217   -0.0585   -0.5995    0.2344   -5.1780    7.0678
 --------------------------

 Energia Total:  -15.702962881662241     
 ------G MATRIX------
    0.5549    0.8538    0.8787    0.7260    0.4969    0.2840
    0.8538    1.7180    2.0187    1.7603    1.2330    0.7130
    0.8787    2.0187    2.6935    2.5402    1.8614    1.1129
    0.7260    1.7603    2.5402    2.5833    2.0288    1.3097
    0.4969    1.2330    1.8614    2.0288    1.7763    1.3337
    0.2840    0.7130    1.1129    1.3097    1.3337    1.2140
 --------------------------

 ------F MATRIX------
  356.9559   36.9201   -9.3201   -7.8402   -4.4140   -2.3793
   36.9201   39.4197    1.2283   -7.0466   -5.2742   -3.1296
   -9.3201    1.2283    1.1952   -4.5077   -5.1667   -3.6458
   -7.8402   -7.0466   -4.5077   -4.1345   -4.6573   -3.9201
   -4.4140   -5.2742   -5.1667   -4.6573   -4.3519   -3.8441
   -2.3793   -3.1296   -3.6458   -3.9201   -3.8441   -3.4572
 --------------------------

 ------XF MATRIX------
   66.2134   82.1377   73.0614  -51.0962   22.6933   -4.3670
   82.1377  139.1024  152.4589 -111.9831   50.0783   -9.5508
   73.0614  152.4589  217.3367 -196.3546   97.5898  -19.6220
  -51.0962 -111.9831 -196.3546  223.7762 -136.1813   31.0286
   22.6933   50.0783   97.5898 -136.1813   96.4168  -24.8310
   -4.3670   -9.5508  -19.6220   31.0286  -24.8310    0.7021
 --------------------------

 auto valores
  -5.4973417989022000      -0.64444629328691316        5.2931231607130584        27.930890932991115        116.11346729493805        600.35188225646664     
 ------XCOEFF MATRIX------
   -0.0051    0.1727   -0.5222    0.6572    0.4693    0.2127
    0.0259   -0.3763    0.6086    0.0477    0.5640    0.4086
   -0.0555    0.5447   -0.1492   -0.5587    0.1498    0.5859
   -0.0112    0.5923    0.3493   -0.0040    0.4384   -0.5787
    0.2613    0.4205    0.4385    0.4776   -0.4794    0.3235
    0.9632   -0.0648   -0.1427   -0.1596    0.1311   -0.0706
 --------------------------

 ------COEFF MATRIX------
    0.0099   -0.0068   -0.0057   -0.0368   -0.0479   -1.3955
    0.0530   -0.0208   -0.1044    0.0949    1.9155    1.5093
    0.1669   -0.1766    0.1012   -2.3823   -2.8304   -1.2553
    0.3368    0.0292   -2.3706    3.9705    2.4029    0.9451
    0.4064   -1.4230    3.8525   -2.9446   -1.4317   -0.5615
    0.1837    1.8705   -1.8430    1.0019    0.4647    0.1850
 --------------------------

 ------NEW DENSITY MATRIX------
    0.0003    0.0013    0.0057    0.0063    0.0273   -0.0217
    0.0013    0.0065    0.0250    0.0345    0.1024   -0.0585
    0.0057    0.0250    0.1181    0.1021    0.6383   -0.5994
    0.0063    0.0345    0.1021    0.2285    0.1905    0.2332
    0.0273    0.1024    0.6383    0.1905    4.3803   -5.1743
   -0.0217   -0.0585   -0.5994    0.2332   -5.1743    7.0654
 --------------------------

 Energia Total:  -15.705555652282639     
 ------G MATRIX------
    0.5543    0.8529    0.8779    0.7254    0.4966    0.2839
    0.8529    1.7163    2.0170    1.7592    1.2325    0.7127
    0.8779    2.0170    2.6917    2.5390    1.8609    1.1127
    0.7254    1.7592    2.5390    2.5827    2.0288    1.3097
    0.4966    1.2325    1.8609    2.0288    1.7765    1.3338
    0.2839    0.7127    1.1127    1.3097    1.3338    1.2141
 --------------------------

 ------F MATRIX------
  356.9552   36.9191   -9.3210   -7.8407   -4.4143   -2.3794
   36.9191   39.4180    1.2266   -7.0477   -5.2747   -3.1299
   -9.3210    1.2266    1.1934   -4.5088   -5.1671   -3.6460
   -7.8407   -7.0477   -4.5088   -4.1351   -4.6574   -3.9200
   -4.4143   -5.2747   -5.1671   -4.6574   -4.3517   -3.8440
   -2.3794   -3.1299   -3.6460   -3.9200   -3.8440   -3.4571
 --------------------------

 ------XF MATRIX------
   66.2134   82.1377   73.0614  -51.0962   22.6933   -4.3671
   82.1377  139.1024  152.4588 -111.9833   50.0783   -9.5505
   73.0614  152.4588  217.3367 -196.3545   97.5899  -19.6224
  -51.0962 -111.9833 -196.3545  223.7758 -136.1815   31.0291
   22.6933   50.0783   97.5899 -136.1815   96.4161  -24.8301
   -4.3671   -9.5505  -19.6224   31.0291  -24.8301    0.7012
 --------------------------

 auto valores
  -5.4977410202092001      -0.64463407157375463        5.2925943737759642        27.930506283930558        116.11316346497409        600.35173036009462     
 ------XCOEFF MATRIX------
   -0.0051    0.1727   -0.5222    0.6573    0.4693    0.2127
    0.0259   -0.3762    0.6086    0.0477    0.5640    0.4086
   -0.0555    0.5447   -0.1493   -0.5587    0.1498    0.5859
   -0.0112    0.5923    0.3492   -0.0040    0.4384   -0.5787
    0.2613    0.4206    0.4385    0.4776   -0.4794    0.3235
    0.9632   -0.0647   -0.1426   -0.1596    0.1311   -0.0706
 --------------------------

 ------COEFF MATRIX------
    0.0099   -0.0068   -0.0057   -0.0368   -0.0479   -1.3955
    0.0530   -0.0209   -0.1044    0.0949    1.9155    1.5093
    0.1670   -0.1766    0.1012   -2.3823   -2.8304   -1.2553
    0.3369    0.0291   -2.3706    3.9705    2.4029    0.9451
    0.4062   -1.4226    3.8526   -2.9446   -1.4317   -0.5615
    0.1838    1.8704   -1.8431    1.0019    0.4647    0.1850
 --------------------------

 ------NEW DENSITY MATRIX------
    0.0003    0.0013    0.0057    0.0063    0.0273   -0.0217
    0.0013    0.0065    0.0251    0.0345    0.1024   -0.0585
    0.0057    0.0251    0.1181    0.1022    0.6382   -0.5993
    0.0063    0.0345    0.1022    0.2287    0.1910    0.2326
    0.0273    0.1024    0.6382    0.1910    4.3779   -5.1725
   -0.0217   -0.0585   -0.5993    0.2326   -5.1725    7.0642
 --------------------------

 Energia Total:  -15.707107756985922     
 ------G MATRIX------
    0.5540    0.8524    0.8775    0.7252    0.4965    0.2839
    0.8524    1.7155    2.0162    1.7586    1.2322    0.7126
    0.8775    2.0162    2.6908    2.5385    1.8607    1.1126
    0.7252    1.7586    2.5385    2.5825    2.0287    1.3097
    0.4965    1.2322    1.8607    2.0287    1.7766    1.3339
    0.2839    0.7126    1.1126    1.3097    1.3339    1.2141
 --------------------------

 ------F MATRIX------
  356.9549   36.9187   -9.3214   -7.8410   -4.4145   -2.3795
   36.9187   39.4172    1.2257   -7.0482   -5.2750   -3.1300
   -9.3214    1.2257    1.1925   -4.5094   -5.1673   -3.6461
   -7.8410   -7.0482   -4.5094   -4.1353   -4.6574   -3.9200
   -4.4145   -5.2750   -5.1673   -4.6574   -4.3517   -3.8440
   -2.3795   -3.1300   -3.6461   -3.9200   -3.8440   -3.4570
 --------------------------

 ------XF MATRIX------
   66.2134   82.1376   73.0615  -51.0961   22.6934   -4.3671
   82.1376  139.1024  152.4587 -111.9834   50.0783   -9.5503
   73.0615  152.4587  217.3367 -196.3545   97.5899  -19.6225
  -51.0961 -111.9834 -196.3545  223.7756 -136.1816   31.0293
   22.6934   50.0783   97.5899 -136.1816   96.4158  -24.8296
   -4.3671   -9.5503  -19.6225   31.0293  -24.8296    0.7007
 --------------------------

 auto valores
  -5.4979315857618820      -0.64472362343145417        5.2923217779533704        27.930311233940980        116.11301023831356        600.35165376380223     
 ------XCOEFF MATRIX------
   -0.0051    0.1727   -0.5222    0.6573    0.4693    0.2127
    0.0259   -0.3762    0.6086    0.0477    0.5640    0.4086
   -0.0556    0.5447   -0.1493   -0.5587    0.1498    0.5859
   -0.0113    0.5923    0.3492   -0.0040    0.4384   -0.5787
    0.2612    0.4206    0.4385    0.4776   -0.4794    0.3235
    0.9632   -0.0647   -0.1426   -0.1596    0.1311   -0.0706
 --------------------------

 ------COEFF MATRIX------
    0.0099   -0.0068   -0.0057   -0.0368   -0.0479   -1.3955
    0.0530   -0.0209   -0.1044    0.0949    1.9155    1.5093
    0.1670   -0.1766    0.1012   -2.3823   -2.8304   -1.2553
    0.3369    0.0290   -2.3705    3.9705    2.4029    0.9451
    0.4062   -1.4225    3.8527   -2.9447   -1.4318   -0.5615
    0.1838    1.8703   -1.8432    1.0019    0.4647    0.1850
 --------------------------

 ------NEW DENSITY MATRIX------
    0.0003    0.0013    0.0057    0.0063    0.0273   -0.0217
    0.0013    0.0065    0.0251    0.0345    0.1024   -0.0585
    0.0057    0.0251    0.1182    0.1023    0.6381   -0.5993
    0.0063    0.0345    0.1023    0.2287    0.1912    0.2323
    0.0273    0.1024    0.6381    0.1912    4.3767   -5.1715
   -0.0217   -0.0585   -0.5993    0.2323   -5.1715    7.0636
 --------------------------

 Energia Total:  -15.708038123108800     
 ------G MATRIX------
    0.5538    0.8522    0.8773    0.7250    0.4964    0.2838
    0.8522    1.7150    2.0157    1.7584    1.2321    0.7126
    0.8773    2.0157    2.6903    2.5382    1.8606    1.1126
    0.7250    1.7584    2.5382    2.5824    2.0287    1.3097
    0.4964    1.2321    1.8606    2.0287    1.7766    1.3339
    0.2838    0.7126    1.1126    1.3097    1.3339    1.2141
 --------------------------

 ------F MATRIX------
  356.9548   36.9184   -9.3216   -7.8411   -4.4145   -2.3795
   36.9184   39.4167    1.2253   -7.0485   -5.2751   -3.1301
   -9.3216    1.2253    1.1921   -4.5097   -5.1674   -3.6461
   -7.8411   -7.0485   -4.5097   -4.1355   -4.6574   -3.9200
   -4.4145   -5.2751   -5.1674   -4.6574   -4.3516   -3.8439
   -2.3795   -3.1301   -3.6461   -3.9200   -3.8439   -3.4570
 --------------------------

 ------XF MATRIX------
   66.2134   82.1376   73.0615  -51.0961   22.6934   -4.3671
   82.1376  139.1024  152.4586 -111.9834   50.0783   -9.5502
   73.0615  152.4586  217.3367 -196.3544   97.5899  -19.6226
  -51.0961 -111.9834 -196.3544  223.7755 -136.1817   31.0294
   22.6934   50.0783   97.5899 -136.1817   96.4157  -24.8293
   -4.3671   -9.5502  -19.6226   31.0294  -24.8293    0.7005
 --------------------------

 auto valores
  -5.4980213862025353      -0.64476579318184146        5.2921805119880361        27.930212093105414        116.11293286457614        600.35161509142108     
 ------XCOEFF MATRIX------
   -0.0051    0.1726   -0.5222    0.6573    0.4693    0.2127
    0.0259   -0.3762    0.6087    0.0477    0.5640    0.4086
   -0.0556    0.5447   -0.1494   -0.5587    0.1498    0.5859
   -0.0113    0.5923    0.3492   -0.0041    0.4384   -0.5787
    0.2612    0.4206    0.4385    0.4776   -0.4794    0.3235
    0.9633   -0.0647   -0.1425   -0.1596    0.1311   -0.0706
 --------------------------

 ------COEFF MATRIX------
    0.0099   -0.0068   -0.0057   -0.0368   -0.0479   -1.3955
    0.0530   -0.0209   -0.1044    0.0949    1.9155    1.5093
    0.1670   -0.1766    0.1012   -2.3823   -2.8304   -1.2553
    0.3370    0.0289   -2.3705    3.9705    2.4029    0.9451
    0.4061   -1.4224    3.8527   -2.9447   -1.4318   -0.5615
    0.1838    1.8703   -1.8433    1.0019    0.4647    0.1850
 --------------------------

 ------NEW DENSITY MATRIX------
    0.0003    0.0013    0.0057    0.0063    0.0273   -0.0217
    0.0013    0.0065    0.0251    0.0345    0.1024   -0.0585
    0.0057    0.0251    0.1182    0.1023    0.6381   -0.5993
    0.0063    0.0345    0.1023    0.2288    0.1914    0.2321
    0.0273    0.1024    0.6381    0.1914    4.3761   -5.1711
   -0.0217   -0.0585   -0.5993    0.2321   -5.1711    7.0633
 --------------------------

 Energia Total:  -15.708596116102971     
 ------G MATRIX------
    0.5537    0.8521    0.8772    0.7250    0.4964    0.2838
    0.8521    1.7148    2.0155    1.7582    1.2320    0.7125
    0.8772    2.0155    2.6901    2.5381    1.8606    1.1126
    0.7250    1.7582    2.5381    2.5823    2.0287    1.3097
    0.4964    1.2320    1.8606    2.0287    1.7767    1.3339
    0.2838    0.7125    1.1126    1.3097    1.3339    1.2142
 --------------------------

 ------F MATRIX------
  356.9547   36.9183   -9.3217   -7.8412   -4.4146   -2.3795
   36.9183   39.4165    1.2251   -7.0486   -5.2752   -3.1301
   -9.3217    1.2251    1.1919   -4.5098   -5.1675   -3.6461
   -7.8412   -7.0486   -4.5098   -4.1355   -4.6574   -3.9200
   -4.4146   -5.2752   -5.1675   -4.6574   -4.3516   -3.8439
   -2.3795   -3.1301   -3.6461   -3.9200   -3.8439   -3.4570
 --------------------------

 ------XF MATRIX------
   66.2134   82.1376   73.0615  -51.0961   22.6934   -4.3671
   82.1376  139.1024  152.4586 -111.9834   50.0783   -9.5501
   73.0615  152.4586  217.3367 -196.3544   97.5899  -19.6227
  -51.0961 -111.9834 -196.3544  223.7754 -136.1817   31.0295
   22.6934   50.0783   97.5899 -136.1817   96.4156  -24.8292
   -4.3671   -9.5501  -19.6227   31.0295  -24.8292    0.7004
 --------------------------

 auto valores
  -5.4980629732278601      -0.64478531512558435        5.2921068803932769        27.930161564873078        116.11289373595088        600.35159553864139     
 ------XCOEFF MATRIX------
   -0.0051    0.1726   -0.5222    0.6573    0.4693    0.2127
    0.0259   -0.3762    0.6087    0.0477    0.5640    0.4086
   -0.0556    0.5447   -0.1494   -0.5587    0.1498    0.5859
   -0.0113    0.5923    0.3492   -0.0041    0.4384   -0.5787
    0.2612    0.4206    0.4385    0.4776   -0.4794    0.3235
    0.9633   -0.0647   -0.1425   -0.1596    0.1311   -0.0706
 --------------------------

 ------COEFF MATRIX------
    0.0099   -0.0068   -0.0057   -0.0368   -0.0479   -1.3955
    0.0530   -0.0209   -0.1044    0.0949    1.9155    1.5093
    0.1670   -0.1766    0.1012   -2.3823   -2.8304   -1.2553
    0.3370    0.0289   -2.3705    3.9705    2.4029    0.9451
    0.4061   -1.4223    3.8527   -2.9447   -1.4318   -0.5615
    0.1838    1.8702   -1.8433    1.0019    0.4647    0.1850
 --------------------------

 ------NEW DENSITY MATRIX------
    0.0003    0.0013    0.0057    0.0063    0.0273   -0.0217
    0.0013    0.0065    0.0251    0.0345    0.1024   -0.0585
    0.0057    0.0251    0.1182    0.1023    0.6381   -0.5993
    0.0063    0.0345    0.1023    0.2288    0.1914    0.2320
    0.0273    0.1024    0.6381    0.1914    4.3758   -5.1709
   -0.0217   -0.0585   -0.5993    0.2320   -5.1709    7.0631
 --------------------------

 Energia Total:  -15.708930854360251     
 ------G MATRIX------
    0.5537    0.8520    0.8771    0.7249    0.4964    0.2838
    0.8520    1.7147    2.0154    1.7581    1.2320    0.7125
    0.8771    2.0154    2.6900    2.5380    1.8605    1.1126
    0.7249    1.7581    2.5380    2.5823    2.0287    1.3097
    0.4964    1.2320    1.8605    2.0287    1.7767    1.3339
    0.2838    0.7125    1.1126    1.3097    1.3339    1.2142
 --------------------------

 ------F MATRIX------
  356.9546   36.9183   -9.3218   -7.8412   -4.4146   -2.3796
   36.9183   39.4164    1.2250   -7.0487   -5.2752   -3.1301
   -9.3218    1.2250    1.1918   -4.5099   -5.1675   -3.6461
   -7.8412   -7.0487   -4.5099   -4.1355   -4.6574   -3.9200
   -4.4146   -5.2752   -5.1675   -4.6574   -4.3516   -3.8439
   -2.3796   -3.1301   -3.6461   -3.9200   -3.8439   -3.4570
 --------------------------

 ------XF MATRIX------
   66.2134   82.1376   73.0615  -51.0961   22.6934   -4.3671
   82.1376  139.1024  152.4586 -111.9834   50.0783   -9.5501
   73.0615  152.4586  217.3367 -196.3544   97.5899  -19.6227
  -51.0961 -111.9834 -196.3544  223.7754 -136.1817   31.0295
   22.6934   50.0783   97.5899 -136.1817   96.4156  -24.8291
   -4.3671   -9.5501  -19.6227   31.0295  -24.8291    0.7003
 --------------------------

 auto valores
  -5.4980817674874727      -0.64479413953822806        5.2920682575650329        27.930135732737053        116.11287391453020        600.35158563666198     
 ------XCOEFF MATRIX------
   -0.0051    0.1726   -0.5222    0.6573    0.4693    0.2127
    0.0259   -0.3762    0.6087    0.0477    0.5640    0.4086
   -0.0556    0.5447   -0.1494   -0.5587    0.1498    0.5859
   -0.0113    0.5923    0.3492   -0.0041    0.4384   -0.5787
    0.2612    0.4206    0.4385    0.4776   -0.4794    0.3235
    0.9633   -0.0647   -0.1425   -0.1596    0.1311   -0.0706
 --------------------------

 ------COEFF MATRIX------
    0.0099   -0.0068   -0.0057   -0.0368   -0.0479   -1.3955
    0.0530   -0.0209   -0.1044    0.0949    1.9155    1.5093
    0.1670   -0.1766    0.1012   -2.3823   -2.8304   -1.2553
    0.3370    0.0289   -2.3705    3.9705    2.4029    0.9451
    0.4061   -1.4223    3.8527   -2.9447   -1.4318   -0.5615
    0.1838    1.8702   -1.8433    1.0019    0.4647    0.1850
 --------------------------

 ------NEW DENSITY MATRIX------
    0.0003    0.0013    0.0057    0.0063    0.0273   -0.0217
    0.0013    0.0065    0.0251    0.0345    0.1024   -0.0585
    0.0057    0.0251    0.1182    0.1023    0.6381   -0.5993
    0.0063    0.0345    0.1023    0.2288    0.1915    0.2320
    0.0273    0.1024    0.6381    0.1915    4.3756   -5.1708
   -0.0217   -0.0585   -0.5993    0.2320   -5.1708    7.0630
 --------------------------

 Energia Total:  -15.709131682625879     
 ------G MATRIX------
    0.5537    0.8520    0.8771    0.7249    0.4964    0.2838
    0.8520    1.7146    2.0154    1.7581    1.2320    0.7125
    0.8771    2.0154    2.6899    2.5380    1.8605    1.1125
    0.7249    1.7581    2.5380    2.5823    2.0287    1.3097
    0.4964    1.2320    1.8605    2.0287    1.7767    1.3339
    0.2838    0.7125    1.1125    1.3097    1.3339    1.2142
 --------------------------

 ------F MATRIX------
  356.9546   36.9182   -9.3218   -7.8413   -4.4146   -2.3796
   36.9182   39.4163    1.2249   -7.0487   -5.2752   -3.1301
   -9.3218    1.2249    1.1917   -4.5099   -5.1675   -3.6461
   -7.8413   -7.0487   -4.5099   -4.1356   -4.6574   -3.9200
   -4.4146   -5.2752   -5.1675   -4.6574   -4.3516   -3.8439
   -2.3796   -3.1301   -3.6461   -3.9200   -3.8439   -3.4570
 --------------------------

 ------XF MATRIX------
   66.2134   82.1376   73.0615  -51.0961   22.6934   -4.3671
   82.1376  139.1024  152.4586 -111.9835   50.0783   -9.5501
   73.0615  152.4586  217.3367 -196.3544   97.5899  -19.6227
  -51.0961 -111.9835 -196.3544  223.7754 -136.1818   31.0296
   22.6934   50.0783   97.5899 -136.1818   96.4155  -24.8291
   -4.3671   -9.5501  -19.6227   31.0296  -24.8291    0.7003
 --------------------------

 auto valores
  -5.4980899593154167      -0.64479799068806409        5.2920478580647679        27.930122479585062        116.11286385393402        600.35158061272887     
 ------XCOEFF MATRIX------
   -0.0051    0.1726   -0.5222    0.6573    0.4693    0.2127
    0.0259   -0.3762    0.6087    0.0477    0.5640    0.4086
   -0.0556    0.5447   -0.1494   -0.5587    0.1498    0.5859
